,fname,liveness_score,embed,embed_notnull,facial_point,facial_point_notnull
0,1.mp4,0,"[[1.         0.9994656  0.99975627 ... 0.         0.         0.        ]
 [0.9994656  1.         0.99955912 ... 0.         0.         0.        ]
 [0.99975627 0.99955912 1.         ... 0.         0.         0.        ]
 ...
 [0.         0.         0.         ... 0.         0.         0.        ]
 [0.         0.         0.         ... 0.         0.         0.        ]
 [0.         0.         0.         ... 0.         0.         0.        ]]","[[1.         0.9994656  0.99975627 ... 0.         0.         0.        ]
 [0.9994656  1.         0.99955912 ... 0.         0.         0.        ]
 [0.99975627 0.99955912 1.         ... 0.         0.         0.        ]
 ...
 [0.         0.         0.         ... 0.         0.         0.        ]
 [0.         0.         0.         ... 0.         0.         0.        ]
 [0.         0.         0.         ... 0.         0.         0.        ]]","[[211  78  23 ...  14  81  86]
 [212  79  24 ...  17  82  88]
 [210  78  21 ...  16  82  88]
 ...
 [  0   0   0 ...   0   0   0]
 [  0   0   0 ...   0   0   0]
 [  0   0   0 ...   0   0   0]]","[[0 0 0 ... 0 0 0]
 [0 0 0 ... 0 0 0]
 [0 0 0 ... 0 0 0]
 ...
 [0 0 0 ... 0 0 0]
 [0 0 0 ... 0 0 0]
 [0 0 0 ... 0 0 0]]"
1,2.mp4,1,"[[0. 0. 0. ... 0. 0. 0.]
 [0. 0. 0. ... 0. 0. 0.]
 [0. 0. 0. ... 0. 0. 0.]
 ...
 [0. 0. 0. ... 0. 0. 0.]
 [0. 0. 0. ... 0. 0. 0.]
 [0. 0. 0. ... 0. 0. 0.]]","[[0. 0. 0. ... 0. 0. 0.]
 [0. 0. 0. ... 0. 0. 0.]
 [0. 0. 0. ... 0. 0. 0.]
 ...
 [0. 0. 0. ... 0. 0. 0.]
 [0. 0. 0. ... 0. 0. 0.]
 [0. 0. 0. ... 0. 0. 0.]]","[[0 0 0 ... 0 0 0]
 [0 0 0 ... 0 0 0]
 [0 0 0 ... 0 0 0]
 ...
 [0 0 0 ... 0 0 0]
 [0 0 0 ... 0 0 0]
 [0 0 0 ... 0 0 0]]","[[0 0 0 ... 0 0 0]
 [0 0 0 ... 0 0 0]
 [0 0 0 ... 0 0 0]
 ...
 [0 0 0 ... 0 0 0]
 [0 0 0 ... 0 0 0]
 [0 0 0 ... 0 0 0]]"
2,3.mp4,1,"[[0.         0.         0.         ... 0.         0.         0.        ]
 [0.         0.         0.         ... 0.         0.         0.        ]
 [0.         0.         0.         ... 0.         0.         0.        ]
 ...
 [0.         0.         0.         ... 1.         0.98519411 0.98790798]
 [0.         0.         0.         ... 0.98519411 1.         0.99237347]
 [0.         0.         0.         ... 0.98790798 0.99237347 1.        ]]","[[1.         0.99739329 0.99624825 ... 0.         0.         0.        ]
 [0.99739329 1.         0.99822038 ... 0.         0.         0.        ]
 [0.99624825 0.99822038 1.         ... 0.         0.         0.        ]
 ...
 [0.         0.         0.         ... 0.         0.         0.        ]
 [0.         0.         0.         ... 0.         0.         0.        ]
 [0.         0.         0.         ... 0.         0.         0.        ]]","[[  0   0   0 ...   0   0   0]
 [  0   0   0 ...   0   0   0]
 [  0   0   0 ...   0   0   0]
 ...
 [149 229 188 ... 193 227 228]
 [150 231 190 ... 199 232 233]
 [149 231 191 ... 198 232 233]]","[[0 0 0 ... 0 0 0]
 [0 0 0 ... 0 0 0]
 [0 0 0 ... 0 0 0]
 ...
 [0 0 0 ... 0 0 0]
 [0 0 0 ... 0 0 0]
 [0 0 0 ... 0 0 0]]"
3,5.mp4,0,"[[1.         0.99717215 0.99844289 ... 0.98925951 0.98629867 0.98965552]
 [0.99717215 1.         0.99448829 ... 0.99104914 0.98675188 0.9909756 ]
 [0.99844289 0.99448829 1.         ... 0.98860789 0.98438671 0.98846645]
 ...
 [0.98925951 0.99104914 0.98860789 ... 1.         0.99297114 0.99867207]
 [0.98629867 0.98675188 0.98438671 ... 0.99297114 1.         0.9958945 ]
 [0.98965552 0.9909756  0.98846645 ... 0.99867207 0.9958945  1.        ]]","[[1.         0.99717215 0.99844289 ... 0.98925951 0.98629867 0.98965552]
 [0.99717215 1.         0.99448829 ... 0.99104914 0.98675188 0.9909756 ]
 [0.99844289 0.99448829 1.         ... 0.98860789 0.98438671 0.98846645]
 ...
 [0.98925951 0.99104914 0.98860789 ... 1.         0.99297114 0.99867207]
 [0.98629867 0.98675188 0.98438671 ... 0.99297114 1.         0.9958945 ]
 [0.98965552 0.9909756  0.98846645 ... 0.99867207 0.9958945  1.        ]]","[[107 189 152 ... 209   2 250]
 [107 189 151 ... 209   2 250]
 [107 192 155 ... 207   2 250]
 ...
 [ 94 175 137 ... 215   4   1]
 [ 93 175 137 ... 215   4   1]
 [ 94 175 137 ... 214   2 254]]","[[0 0 0 ... 0 0 0]
 [0 0 0 ... 0 0 0]
 [0 0 0 ... 0 0 0]
 ...
 [0 0 0 ... 0 0 0]
 [0 0 0 ... 0 0 0]
 [0 0 0 ... 0 0 0]]"
4,7.mp4,1,"[[0. 0. 0. ... 0. 0. 0.]
 [0. 0. 0. ... 0. 0. 0.]
 [0. 0. 0. ... 0. 0. 0.]
 ...
 [0. 0. 0. ... 0. 0. 0.]
 [0. 0. 0. ... 0. 0. 0.]
 [0. 0. 0. ... 0. 0. 0.]]","[[0. 0. 0. ... 0. 0. 0.]
 [0. 0. 0. ... 0. 0. 0.]
 [0. 0. 0. ... 0. 0. 0.]
 ...
 [0. 0. 0. ... 0. 0. 0.]
 [0. 0. 0. ... 0. 0. 0.]
 [0. 0. 0. ... 0. 0. 0.]]","[[0 0 0 ... 0 0 0]
 [0 0 0 ... 0 0 0]
 [0 0 0 ... 0 0 0]
 ...
 [0 0 0 ... 0 0 0]
 [0 0 0 ... 0 0 0]
 [0 0 0 ... 0 0 0]]","[[0 0 0 ... 0 0 0]
 [0 0 0 ... 0 0 0]
 [0 0 0 ... 0 0 0]
 ...
 [0 0 0 ... 0 0 0]
 [0 0 0 ... 0 0 0]
 [0 0 0 ... 0 0 0]]"
5,8.mp4,1,"[[1.         0.99921003 0.99692301 ... 0.         0.         0.        ]
 [0.99921003 1.         0.99566986 ... 0.         0.         0.        ]
 [0.99692301 0.99566986 1.         ... 0.         0.         0.        ]
 ...
 [0.         0.         0.         ... 0.         0.         0.        ]
 [0.         0.         0.         ... 0.         0.         0.        ]
 [0.         0.         0.         ... 0.         0.         0.        ]]","[[1.         0.99921003 0.99692301 ... 0.         0.         0.        ]
 [0.99921003 1.         0.99566986 ... 0.         0.         0.        ]
 [0.99692301 0.99566986 1.         ... 0.         0.         0.        ]
 ...
 [0.         0.         0.         ... 0.         0.         0.        ]
 [0.         0.         0.         ... 0.         0.         0.        ]
 [0.         0.         0.         ... 0.         0.         0.        ]]","[[131 226 187 ...  23  66  56]
 [131 226 187 ...  23  66  56]
 [131 226 186 ...  22  66  57]
 ...
 [  0   0   0 ...   0   0   0]
 [  0   0   0 ...   0   0   0]
 [  0   0   0 ...   0   0   0]]","[[0 0 0 ... 0 0 0]
 [0 0 0 ... 0 0 0]
 [0 0 0 ... 0 0 0]
 ...
 [0 0 0 ... 0 0 0]
 [0 0 0 ... 0 0 0]
 [0 0 0 ... 0 0 0]]"
6,10.mp4,0,"[[1.         0.99999394 0.99992362 ... 0.98289972 0.98597327 0.98850002]
 [0.99999394 1.         0.99992591 ... 0.98289179 0.98596479 0.98848794]
 [0.99992362 0.99992591 1.         ... 0.98307198 0.98613018 0.98875868]
 ...
 [0.98289972 0.98289179 0.98307198 ... 1.         0.99631455 0.99272629]
 [0.98597327 0.98596479 0.98613018 ... 0.99631455 1.         0.99551486]
 [0.98850002 0.98848794 0.98875868 ... 0.99272629 0.99551486 1.        ]]","[[1.         0.99999394 0.99992362 ... 0.98289972 0.98597327 0.98850002]
 [0.99999394 1.         0.99992591 ... 0.98289179 0.98596479 0.98848794]
 [0.99992362 0.99992591 1.         ... 0.98307198 0.98613018 0.98875868]
 ...
 [0.98289972 0.98289179 0.98307198 ... 1.         0.99631455 0.99272629]
 [0.98597327 0.98596479 0.98613018 ... 0.99631455 1.         0.99551486]
 [0.98850002 0.98848794 0.98875868 ... 0.99272629 0.99551486 1.        ]]","[[ 97 194 146 ... 242  26  26]
 [ 97 194 146 ... 242  26  26]
 [ 97 194 146 ... 243  26  25]
 ...
 [ 56 140  91 ...  20  68  60]
 [ 58 144  97 ...  19  66  59]
 [ 60 153 101 ...  18  59  60]]","[[0 0 0 ... 0 0 0]
 [0 0 0 ... 0 0 0]
 [0 0 0 ... 0 0 0]
 ...
 [0 0 0 ... 0 0 0]
 [0 0 0 ... 0 0 0]
 [0 0 0 ... 0 0 0]]"
7,11.mp4,1,"[[1.         0.99020665 0.98625779 ... 0.98727474 0.98253861 0.98661151]
 [0.99020665 1.         0.98053189 ... 0.9850076  0.97922066 0.9812427 ]
 [0.98625779 0.98053189 1.         ... 0.98659475 0.97702097 0.97931648]
 ...
 [0.98727474 0.9850076  0.98659475 ... 1.         0.97370414 0.97689224]
 [0.98253861 0.97922066 0.97702097 ... 0.97370414 1.         0.99297134]
 [0.98661151 0.9812427  0.97931648 ... 0.97689224 0.99297134 1.        ]]","[[1.         0.99020665 0.98625779 ... 0.98727474 0.98253861 0.98661151]
 [0.99020665 1.         0.98053189 ... 0.9850076  0.97922066 0.9812427 ]
 [0.98625779 0.98053189 1.         ... 0.98659475 0.97702097 0.97931648]
 ...
 [0.98727474 0.9850076  0.98659475 ... 1.         0.97370414 0.97689224]
 [0.98253861 0.97922066 0.97702097 ... 0.97370414 1.         0.99297134]
 [0.98661151 0.9812427  0.97931648 ... 0.97689224 0.99297134 1.        ]]","[[137 201 172 ...  24  55  57]
 [136 201 171 ...  24  54  54]
 [136 202 172 ...  27  58  60]
 ...
 [136 201 170 ...  35  65  66]
 [137 203 171 ...  35  68  70]
 [138 204 172 ...  34  67  70]]","[[0 0 0 ... 0 0 0]
 [0 0 0 ... 0 0 0]
 [0 0 0 ... 0 0 0]
 ...
 [0 0 0 ... 0 0 0]
 [0 0 0 ... 0 0 0]
 [0 0 0 ... 0 0 0]]"
8,12.mp4,0,"[[1.         0.9996229  0.99769974 ... 0.         0.         0.        ]
 [0.9996229  1.         0.99771045 ... 0.         0.         0.        ]
 [0.99769974 0.99771045 1.         ... 0.         0.         0.        ]
 ...
 [0.         0.         0.         ... 0.         0.         0.        ]
 [0.         0.         0.         ... 0.         0.         0.        ]
 [0.         0.         0.         ... 0.         0.         0.        ]]","[[1.         0.9996229  0.99769974 ... 0.         0.         0.        ]
 [0.9996229  1.         0.99771045 ... 0.         0.         0.        ]
 [0.99769974 0.99771045 1.         ... 0.         0.         0.        ]
 ...
 [0.         0.         0.         ... 0.         0.         0.        ]
 [0.         0.         0.         ... 0.         0.         0.        ]
 [0.         0.         0.         ... 0.         0.         0.        ]]","[[153  27 219 ... 163 208 215]
 [153  26 218 ... 164 206 212]
 [147  24 213 ... 163 205 211]
 ...
 [  0   0   0 ...   0   0   0]
 [  0   0   0 ...   0   0   0]
 [  0   0   0 ...   0   0   0]]","[[0 0 0 ... 0 0 0]
 [0 0 0 ... 0 0 0]
 [0 0 0 ... 0 0 0]
 ...
 [0 0 0 ... 0 0 0]
 [0 0 0 ... 0 0 0]
 [0 0 0 ... 0 0 0]]"
9,13.mp4,1,"[[1.         0.99813578 0.99678927 ... 0.         0.         0.        ]
 [0.99813578 1.         0.99791222 ... 0.         0.         0.        ]
 [0.99678927 0.99791222 1.         ... 0.         0.         0.        ]
 ...
 [0.         0.         0.         ... 0.         0.         0.        ]
 [0.         0.         0.         ... 0.         0.         0.        ]
 [0.         0.         0.         ... 0.         0.         0.        ]]","[[1.         0.99813578 0.99678927 ... 0.         0.         0.        ]
 [0.99813578 1.         0.99791222 ... 0.         0.         0.        ]
 [0.99678927 0.99791222 1.         ... 0.         0.         0.        ]
 ...
 [0.         0.         0.         ... 0.         0.         0.        ]
 [0.         0.         0.         ... 0.         0.         0.        ]
 [0.         0.         0.         ... 0.         0.         0.        ]]","[[226  21 238 ...  80 114 115]
 [227  24 239 ...  80 114 116]
 [227  23 240 ...  80 113 115]
 ...
 [  0   0   0 ...   0   0   0]
 [  0   0   0 ...   0   0   0]
 [  0   0   0 ...   0   0   0]]","[[0 0 0 ... 0 0 0]
 [0 0 0 ... 0 0 0]
 [0 0 0 ... 0 0 0]
 ...
 [0 0 0 ... 0 0 0]
 [0 0 0 ... 0 0 0]
 [0 0 0 ... 0 0 0]]"
10,14.mp4,0,"[[1.         0.99694727 0.93455727 ... 0.96591495 0.97403842 0.97130862]
 [0.99694727 1.         0.93108883 ... 0.97245421 0.98090465 0.97802652]
 [0.93455727 0.93108883 1.         ... 0.91381191 0.91877643 0.91642501]
 ...
 [0.96591495 0.97245421 0.91381191 ... 1.         0.99517092 0.99706324]
 [0.97403842 0.98090465 0.91877643 ... 0.99517092 1.         0.99896986]
 [0.97130862 0.97802652 0.91642501 ... 0.99706324 0.99896986 1.        ]]","[[1.         0.99694727 0.93455727 ... 0.96591495 0.97403842 0.97130862]
 [0.99694727 1.         0.93108883 ... 0.97245421 0.98090465 0.97802652]
 [0.93455727 0.93108883 1.         ... 0.91381191 0.91877643 0.91642501]
 ...
 [0.96591495 0.97245421 0.91381191 ... 1.         0.99517092 0.99706324]
 [0.97403842 0.98090465 0.91877643 ... 0.99517092 1.         0.99896986]
 [0.97130862 0.97802652 0.91642501 ... 0.99706324 0.99896986 1.        ]]","[[154  30 214 ...  75 142 147]
 [154  28 215 ...  78 142 145]
 [150  21 212 ...  62 127 133]
 ...
 [162  34 218 ...  61 130 137]
 [162  34 218 ...  57 127 135]
 [163  34 219 ...  58 126 134]]","[[0 0 0 ... 0 0 0]
 [0 0 0 ... 0 0 0]
 [0 0 0 ... 0 0 0]
 ...
 [0 0 0 ... 0 0 0]
 [0 0 0 ... 0 0 0]
 [0 0 0 ... 0 0 0]]"
11,18.mp4,1,"[[1.         0.98386955 0.98185259 ... 0.         0.         0.        ]
 [0.98386955 1.         0.99739347 ... 0.         0.         0.        ]
 [0.98185259 0.99739347 1.         ... 0.         0.         0.        ]
 ...
 [0.         0.         0.         ... 0.         0.         0.        ]
 [0.         0.         0.         ... 0.         0.         0.        ]
 [0.         0.         0.         ... 0.         0.         0.        ]]","[[1.         0.98386955 0.98185259 ... 0.         0.         0.        ]
 [0.98386955 1.         0.99739347 ... 0.         0.         0.        ]
 [0.98185259 0.99739347 1.         ... 0.         0.         0.        ]
 ...
 [0.         0.         0.         ... 0.         0.         0.        ]
 [0.         0.         0.         ... 0.         0.         0.        ]
 [0.         0.         0.         ... 0.         0.         0.        ]]","[[169  39 223 ... 125 195 190]
 [163  41 220 ... 121 196 191]
 [161  39 222 ... 122 196 190]
 ...
 [  0   0   0 ...   0   0   0]
 [  0   0   0 ...   0   0   0]
 [  0   0   0 ...   0   0   0]]","[[0 0 0 ... 0 0 0]
 [0 0 0 ... 0 0 0]
 [0 0 0 ... 0 0 0]
 ...
 [0 0 0 ... 0 0 0]
 [0 0 0 ... 0 0 0]
 [0 0 0 ... 0 0 0]]"
12,19.mp4,0,"[[1.         0.99892409 0.99934858 ... 0.92658538 0.89325717 0.88041767]
 [0.99892409 1.         0.99939739 ... 0.92568428 0.89185778 0.87797093]
 [0.99934858 0.99939739 1.         ... 0.92755848 0.89309781 0.87986977]
 ...
 [0.92658538 0.92568428 0.92755848 ... 1.         0.93543756 0.94516376]
 [0.89325717 0.89185778 0.89309781 ... 0.93543756 1.         0.94443508]
 [0.88041767 0.87797093 0.87986977 ... 0.94516376 0.94443508 1.        ]]","[[1.         0.99892409 0.99934858 ... 0.92658538 0.89325717 0.88041767]
 [0.99892409 1.         0.99939739 ... 0.92568428 0.89185778 0.87797093]
 [0.99934858 0.99939739 1.         ... 0.92755848 0.89309781 0.87986977]
 ...
 [0.92658538 0.92568428 0.92755848 ... 1.         0.93543756 0.94516376]
 [0.89325717 0.89185778 0.89309781 ... 0.93543756 1.         0.94443508]
 [0.88041767 0.87797093 0.87986977 ... 0.94516376 0.94443508 1.        ]]","[[174 239 232 ... 231  19   5]
 [172 239 232 ... 232  19   4]
 [173 240 233 ... 232  20   5]
 ...
 [130 218 176 ... 233  29  29]
 [194 232 215 ... 228 247 250]
 [108 194 140 ...   7  54  55]]","[[0 0 0 ... 0 0 0]
 [0 0 0 ... 0 0 0]
 [0 0 0 ... 0 0 0]
 ...
 [0 0 0 ... 0 0 0]
 [0 0 0 ... 0 0 0]
 [0 0 0 ... 0 0 0]]"
13,20.mp4,1,"[[1.         0.95060499 0.97345189 ... 0.         0.         0.        ]
 [0.95060499 1.         0.97283456 ... 0.         0.         0.        ]
 [0.97345189 0.97283456 1.         ... 0.         0.         0.        ]
 ...
 [0.         0.         0.         ... 0.         0.         0.        ]
 [0.         0.         0.         ... 0.         0.         0.        ]
 [0.         0.         0.         ... 0.         0.         0.        ]]","[[1.         0.95060499 0.97345189 ... 0.         0.         0.        ]
 [0.95060499 1.         0.97283456 ... 0.         0.         0.        ]
 [0.97345189 0.97283456 1.         ... 0.         0.         0.        ]
 ...
 [0.         0.         0.         ... 0.         0.         0.        ]
 [0.         0.         0.         ... 0.         0.         0.        ]
 [0.         0.         0.         ... 0.         0.         0.        ]]","[[138 238 195 ...  92 131 130]
 [135 241 187 ...  95 169 164]
 [135 249 189 ...  97 154 152]
 ...
 [  0   0   0 ...   0   0   0]
 [  0   0   0 ...   0   0   0]
 [  0   0   0 ...   0   0   0]]","[[0 0 0 ... 0 0 0]
 [0 0 0 ... 0 0 0]
 [0 0 0 ... 0 0 0]
 ...
 [0 0 0 ... 0 0 0]
 [0 0 0 ... 0 0 0]
 [0 0 0 ... 0 0 0]]"
14,22.mp4,1,"[[0. 0. 0. ... 0. 0. 0.]
 [0. 0. 0. ... 0. 0. 0.]
 [0. 0. 0. ... 0. 0. 0.]
 ...
 [0. 0. 0. ... 0. 0. 0.]
 [0. 0. 0. ... 0. 0. 0.]
 [0. 0. 0. ... 0. 0. 0.]]","[[0. 0. 0. ... 0. 0. 0.]
 [0. 0. 0. ... 0. 0. 0.]
 [0. 0. 0. ... 0. 0. 0.]
 ...
 [0. 0. 0. ... 0. 0. 0.]
 [0. 0. 0. ... 0. 0. 0.]
 [0. 0. 0. ... 0. 0. 0.]]","[[0 0 0 ... 0 0 0]
 [0 0 0 ... 0 0 0]
 [0 0 0 ... 0 0 0]
 ...
 [0 0 0 ... 0 0 0]
 [0 0 0 ... 0 0 0]
 [0 0 0 ... 0 0 0]]","[[0 0 0 ... 0 0 0]
 [0 0 0 ... 0 0 0]
 [0 0 0 ... 0 0 0]
 ...
 [0 0 0 ... 0 0 0]
 [0 0 0 ... 0 0 0]
 [0 0 0 ... 0 0 0]]"
15,24.mp4,1,"[[1.         0.9759701  0.97403963 ... 0.         0.         0.        ]
 [0.9759701  1.         0.99734256 ... 0.         0.         0.        ]
 [0.97403963 0.99734256 1.         ... 0.         0.         0.        ]
 ...
 [0.         0.         0.         ... 0.         0.         0.        ]
 [0.         0.         0.         ... 0.         0.         0.        ]
 [0.         0.         0.         ... 0.         0.         0.        ]]","[[1.         0.9759701  0.97403963 ... 0.         0.         0.        ]
 [0.9759701  1.         0.99734256 ... 0.         0.         0.        ]
 [0.97403963 0.99734256 1.         ... 0.         0.         0.        ]
 ...
 [0.         0.         0.         ... 0.         0.         0.        ]
 [0.         0.         0.         ... 0.         0.         0.        ]
 [0.         0.         0.         ... 0.         0.         0.        ]]","[[158 196 180 ... 175 196 190]
 [160 198 181 ... 175 197 192]
 [161 199 183 ... 175 199 193]
 ...
 [  0   0   0 ...   0   0   0]
 [  0   0   0 ...   0   0   0]
 [  0   0   0 ...   0   0   0]]","[[0 0 0 ... 0 0 0]
 [0 0 0 ... 0 0 0]
 [0 0 0 ... 0 0 0]
 ...
 [0 0 0 ... 0 0 0]
 [0 0 0 ... 0 0 0]
 [0 0 0 ... 0 0 0]]"
16,25.mp4,0,"[[1.         0.9662741  0.96668962 ... 0.         0.         0.        ]
 [0.9662741  1.         0.99494029 ... 0.         0.         0.        ]
 [0.96668962 0.99494029 1.         ... 0.         0.         0.        ]
 ...
 [0.         0.         0.         ... 0.         0.         0.        ]
 [0.         0.         0.         ... 0.         0.         0.        ]
 [0.         0.         0.         ... 0.         0.         0.        ]]","[[1.         0.9662741  0.96668962 ... 0.         0.         0.        ]
 [0.9662741  1.         0.99494029 ... 0.         0.         0.        ]
 [0.96668962 0.99494029 1.         ... 0.         0.         0.        ]
 ...
 [0.         0.         0.         ... 0.         0.         0.        ]
 [0.         0.         0.         ... 0.         0.         0.        ]
 [0.         0.         0.         ... 0.         0.         0.        ]]","[[210 109  39 ...  79 223 208]
 [112  55 214 ...  84 193 197]
 [120  47 197 ...  81 177 185]
 ...
 [  0   0   0 ...   0   0   0]
 [  0   0   0 ...   0   0   0]
 [  0   0   0 ...   0   0   0]]","[[0 0 0 ... 0 0 0]
 [0 0 0 ... 0 0 0]
 [0 0 0 ... 0 0 0]
 ...
 [0 0 0 ... 0 0 0]
 [0 0 0 ... 0 0 0]
 [0 0 0 ... 0 0 0]]"
17,26.mp4,0,"[[1.         0.99088291 0.99413117 ... 0.96515155 0.96449344 0.96530178]
 [0.99088291 1.         0.99895935 ... 0.96528704 0.9632042  0.9636271 ]
 [0.99413117 0.99895935 1.         ... 0.96592851 0.96427177 0.96480634]
 ...
 [0.96515155 0.96528704 0.96592851 ... 1.         0.99859414 0.99820301]
 [0.96449344 0.9632042  0.96427177 ... 0.99859414 1.         0.99901224]
 [0.96530178 0.9636271  0.96480634 ... 0.99820301 0.99901224 1.        ]]","[[1.         0.99088291 0.99413117 ... 0.96515155 0.96449344 0.96530178]
 [0.99088291 1.         0.99895935 ... 0.96528704 0.9632042  0.9636271 ]
 [0.99413117 0.99895935 1.         ... 0.96592851 0.96427177 0.96480634]
 ...
 [0.96515155 0.96528704 0.96592851 ... 1.         0.99859414 0.99820301]
 [0.96449344 0.9632042  0.96427177 ... 0.99859414 1.         0.99901224]
 [0.96530178 0.9636271  0.96480634 ... 0.99820301 0.99901224 1.        ]]","[[126 245 183 ...  25  86  82]
 [126 245 181 ...  26  89  85]
 [126 245 181 ...  26  88  84]
 ...
 [116 238 170 ...  51 111 112]
 [116 238 170 ...  51 110 110]
 [117 238 172 ...  50 109 108]]","[[0 0 0 ... 0 0 0]
 [0 0 0 ... 0 0 0]
 [0 0 0 ... 0 0 0]
 ...
 [0 0 0 ... 0 0 0]
 [0 0 0 ... 0 0 0]
 [0 0 0 ... 0 0 0]]"
18,28.mp4,0,"[[1.         0.98578849 0.98578993 ... 0.97350097 0.97763177 0.97443545]
 [0.98578849 1.         0.99999953 ... 0.96414561 0.96687842 0.96500878]
 [0.98578993 0.99999953 1.         ... 0.96414968 0.96688036 0.96501169]
 ...
 [0.97350097 0.96414561 0.96414968 ... 1.         0.99120594 0.99780437]
 [0.97763177 0.96687842 0.96688036 ... 0.99120594 1.         0.99191197]
 [0.97443545 0.96500878 0.96501169 ... 0.99780437 0.99191197 1.        ]]","[[1.         0.98578849 0.98578993 ... 0.97350097 0.97763177 0.97443545]
 [0.98578849 1.         0.99999953 ... 0.96414561 0.96687842 0.96500878]
 [0.98578993 0.99999953 1.         ... 0.96414968 0.96688036 0.96501169]
 ...
 [0.97350097 0.96414561 0.96414968 ... 1.         0.99120594 0.99780437]
 [0.97763177 0.96687842 0.96688036 ... 0.99120594 1.         0.99191197]
 [0.97443545 0.96500878 0.96501169 ... 0.99780437 0.99191197 1.        ]]","[[143 212 170 ...  61  94  90]
 [142 212 171 ...  60  93  89]
 [142 212 171 ...  60  93  89]
 ...
 [135 206 160 ...  51  87  87]
 [136 205 160 ...  50  89  88]
 [135 205 159 ...  51  88  88]]","[[0 0 0 ... 0 0 0]
 [0 0 0 ... 0 0 0]
 [0 0 0 ... 0 0 0]
 ...
 [0 0 0 ... 0 0 0]
 [0 0 0 ... 0 0 0]
 [0 0 0 ... 0 0 0]]"
19,29.mp4,0,"[[1.         0.99508314 0.99124788 ... 0.         0.         0.        ]
 [0.99508314 1.         0.98168708 ... 0.         0.         0.        ]
 [0.99124788 0.98168708 1.         ... 0.         0.         0.        ]
 ...
 [0.         0.         0.         ... 0.         0.         0.        ]
 [0.         0.         0.         ... 0.         0.         0.        ]
 [0.         0.         0.         ... 0.         0.         0.        ]]","[[1.         0.99508314 0.99124788 ... 0.         0.         0.        ]
 [0.99508314 1.         0.98168708 ... 0.         0.         0.        ]
 [0.99124788 0.98168708 1.         ... 0.         0.         0.        ]
 ...
 [0.         0.         0.         ... 0.         0.         0.        ]
 [0.         0.         0.         ... 0.         0.         0.        ]
 [0.         0.         0.         ... 0.         0.         0.        ]]","[[214  13 239 ... 188 227 229]
 [213  12 237 ... 189 228 231]
 [217  14 241 ... 191 228 231]
 ...
 [  0   0   0 ...   0   0   0]
 [  0   0   0 ...   0   0   0]
 [  0   0   0 ...   0   0   0]]","[[0 0 0 ... 0 0 0]
 [0 0 0 ... 0 0 0]
 [0 0 0 ... 0 0 0]
 ...
 [0 0 0 ... 0 0 0]
 [0 0 0 ... 0 0 0]
 [0 0 0 ... 0 0 0]]"
20,30.mp4,0,"[[1.         0.99565495 0.99565132 ... 0.97083506 0.96683416 0.97240862]
 [0.99565495 1.         0.99999906 ... 0.96977557 0.96560157 0.97175355]
 [0.99565132 0.99999906 1.         ... 0.96977343 0.96559889 0.97175064]
 ...
 [0.97083506 0.96977557 0.96977343 ... 1.         0.99377624 0.99871283]
 [0.96683416 0.96560157 0.96559889 ... 0.99377624 1.         0.99101589]
 [0.97240862 0.97175355 0.97175064 ... 0.99871283 0.99101589 1.        ]]","[[1.         0.99565495 0.99565132 ... 0.97083506 0.96683416 0.97240862]
 [0.99565495 1.         0.99999906 ... 0.96977557 0.96560157 0.97175355]
 [0.99565132 0.99999906 1.         ... 0.96977343 0.96559889 0.97175064]
 ...
 [0.97083506 0.96977557 0.96977343 ... 1.         0.99377624 0.99871283]
 [0.96683416 0.96560157 0.96559889 ... 0.99377624 1.         0.99101589]
 [0.97240862 0.97175355 0.97175064 ... 0.99871283 0.99101589 1.        ]]","[[140 210 175 ...  52  83  88]
 [139 208 173 ...  51  80  85]
 [139 208 173 ...  51  80  85]
 ...
 [145 210 184 ...  58  91  92]
 [144 210 184 ...  59  92  93]
 [145 210 184 ...  59  91  91]]","[[0 0 0 ... 0 0 0]
 [0 0 0 ... 0 0 0]
 [0 0 0 ... 0 0 0]
 ...
 [0 0 0 ... 0 0 0]
 [0 0 0 ... 0 0 0]
 [0 0 0 ... 0 0 0]]"
21,31.mp4,1,"[[1.         0.9921642  0.99336079 ... 0.         0.         0.        ]
 [0.9921642  1.         0.99961242 ... 0.         0.         0.        ]
 [0.99336079 0.99961242 1.         ... 0.         0.         0.        ]
 ...
 [0.         0.         0.         ... 0.         0.         0.        ]
 [0.         0.         0.         ... 0.         0.         0.        ]
 [0.         0.         0.         ... 0.         0.         0.        ]]","[[1.         0.9921642  0.99336079 ... 0.         0.         0.        ]
 [0.9921642  1.         0.99961242 ... 0.         0.         0.        ]
 [0.99336079 0.99961242 1.         ... 0.         0.         0.        ]
 ...
 [0.         0.         0.         ... 0.         0.         0.        ]
 [0.         0.         0.         ... 0.         0.         0.        ]
 [0.         0.         0.         ... 0.         0.         0.        ]]","[[194  95  13 ... 155 234 240]
 [191  92   8 ... 146 229 235]
 [192  93  10 ... 145 228 233]
 ...
 [  0   0   0 ...   0   0   0]
 [  0   0   0 ...   0   0   0]
 [  0   0   0 ...   0   0   0]]","[[0 0 0 ... 0 0 0]
 [0 0 0 ... 0 0 0]
 [0 0 0 ... 0 0 0]
 ...
 [0 0 0 ... 0 0 0]
 [0 0 0 ... 0 0 0]
 [0 0 0 ... 0 0 0]]"
22,33.mp4,0,"[[1.         0.99968128 0.99923828 ... 0.         0.         0.        ]
 [0.99968128 1.         0.99978851 ... 0.         0.         0.        ]
 [0.99923828 0.99978851 1.         ... 0.         0.         0.        ]
 ...
 [0.         0.         0.         ... 0.         0.         0.        ]
 [0.         0.         0.         ... 0.         0.         0.        ]
 [0.         0.         0.         ... 0.         0.         0.        ]]","[[1.         0.99968128 0.99923828 ... 0.         0.         0.        ]
 [0.99968128 1.         0.99978851 ... 0.         0.         0.        ]
 [0.99923828 0.99978851 1.         ... 0.         0.         0.        ]
 ...
 [0.         0.         0.         ... 0.         0.         0.        ]
 [0.         0.         0.         ... 0.         0.         0.        ]
 [0.         0.         0.         ... 0.         0.         0.        ]]","[[127  22 189 ... 160 238 238]
 [128  23 191 ... 161 239 239]
 [129  24 192 ... 161 239 239]
 ...
 [  0   0   0 ...   0   0   0]
 [  0   0   0 ...   0   0   0]
 [  0   0   0 ...   0   0   0]]","[[0 0 0 ... 0 0 0]
 [0 0 0 ... 0 0 0]
 [0 0 0 ... 0 0 0]
 ...
 [0 0 0 ... 0 0 0]
 [0 0 0 ... 0 0 0]
 [0 0 0 ... 0 0 0]]"
23,35.mp4,1,"[[1.         0.94231694 0.94367551 ... 0.         0.         0.        ]
 [0.94231694 1.         0.99947825 ... 0.         0.         0.        ]
 [0.94367551 0.99947825 1.         ... 0.         0.         0.        ]
 ...
 [0.         0.         0.         ... 0.         0.         0.        ]
 [0.         0.         0.         ... 0.         0.         0.        ]
 [0.         0.         0.         ... 0.         0.         0.        ]]","[[1.         0.94231694 0.94367551 ... 0.         0.         0.        ]
 [0.94231694 1.         0.99947825 ... 0.         0.         0.        ]
 [0.94367551 0.99947825 1.         ... 0.         0.         0.        ]
 ...
 [0.         0.         0.         ... 0.         0.         0.        ]
 [0.         0.         0.         ... 0.         0.         0.        ]
 [0.         0.         0.         ... 0.         0.         0.        ]]","[[184 104  16 ... 191  11  13]
 [193 110  21 ... 172  18  15]
 [195 113  21 ... 173  20  16]
 ...
 [  0   0   0 ...   0   0   0]
 [  0   0   0 ...   0   0   0]
 [  0   0   0 ...   0   0   0]]","[[0 0 0 ... 0 0 0]
 [0 0 0 ... 0 0 0]
 [0 0 0 ... 0 0 0]
 ...
 [0 0 0 ... 0 0 0]
 [0 0 0 ... 0 0 0]
 [0 0 0 ... 0 0 0]]"
24,36.mp4,0,"[[1.         0.95564641 0.95577934 ... 0.         0.         0.        ]
 [0.95564641 1.         0.99994564 ... 0.         0.         0.        ]
 [0.95577934 0.99994564 1.         ... 0.         0.         0.        ]
 ...
 [0.         0.         0.         ... 0.         0.         0.        ]
 [0.         0.         0.         ... 0.         0.         0.        ]
 [0.         0.         0.         ... 0.         0.         0.        ]]","[[1.         0.95564641 0.95577934 ... 0.         0.         0.        ]
 [0.95564641 1.         0.99994564 ... 0.         0.         0.        ]
 [0.95577934 0.99994564 1.         ... 0.         0.         0.        ]
 ...
 [0.         0.         0.         ... 0.         0.         0.        ]
 [0.         0.         0.         ... 0.         0.         0.        ]
 [0.         0.         0.         ... 0.         0.         0.        ]]","[[133  37 212 ... 186  26  13]
 [101   8 193 ... 122 236 222]
 [101   9 194 ... 122 235 222]
 ...
 [  0   0   0 ...   0   0   0]
 [  0   0   0 ...   0   0   0]
 [  0   0   0 ...   0   0   0]]","[[0 0 0 ... 0 0 0]
 [0 0 0 ... 0 0 0]
 [0 0 0 ... 0 0 0]
 ...
 [0 0 0 ... 0 0 0]
 [0 0 0 ... 0 0 0]
 [0 0 0 ... 0 0 0]]"
25,37.mp4,1,"[[0. 0. 0. ... 0. 0. 0.]
 [0. 0. 0. ... 0. 0. 0.]
 [0. 0. 0. ... 0. 0. 0.]
 ...
 [0. 0. 0. ... 0. 0. 0.]
 [0. 0. 0. ... 0. 0. 0.]
 [0. 0. 0. ... 0. 0. 0.]]","[[1.         0.99228397 0.98630362 ... 0.         0.         0.        ]
 [0.99228397 1.         0.9946483  ... 0.         0.         0.        ]
 [0.98630362 0.9946483  1.         ... 0.         0.         0.        ]
 ...
 [0.         0.         0.         ... 0.         0.         0.        ]
 [0.         0.         0.         ... 0.         0.         0.        ]
 [0.         0.         0.         ... 0.         0.         0.        ]]","[[0 0 0 ... 0 0 0]
 [0 0 0 ... 0 0 0]
 [0 0 0 ... 0 0 0]
 ...
 [0 0 0 ... 0 0 0]
 [0 0 0 ... 0 0 0]
 [0 0 0 ... 0 0 0]]","[[0 0 0 ... 0 0 0]
 [0 0 0 ... 0 0 0]
 [0 0 0 ... 0 0 0]
 ...
 [0 0 0 ... 0 0 0]
 [0 0 0 ... 0 0 0]
 [0 0 0 ... 0 0 0]]"
26,39.mp4,1,"[[1.         0.99946465 0.99818191 ... 0.         0.         0.        ]
 [0.99946465 1.         0.99884034 ... 0.         0.         0.        ]
 [0.99818191 0.99884034 1.         ... 0.         0.         0.        ]
 ...
 [0.         0.         0.         ... 0.         0.         0.        ]
 [0.         0.         0.         ... 0.         0.         0.        ]
 [0.         0.         0.         ... 0.         0.         0.        ]]","[[1.         0.99946465 0.99818191 ... 0.         0.         0.        ]
 [0.99946465 1.         0.99884034 ... 0.         0.         0.        ]
 [0.99818191 0.99884034 1.         ... 0.         0.         0.        ]
 ...
 [0.         0.         0.         ... 0.         0.         0.        ]
 [0.         0.         0.         ... 0.         0.         0.        ]
 [0.         0.         0.         ... 0.         0.         0.        ]]","[[ 92 199 127 ...  32  86  86]
 [ 92 199 126 ...  32  87  87]
 [ 90 197 123 ...  30  86  86]
 ...
 [  0   0   0 ...   0   0   0]
 [  0   0   0 ...   0   0   0]
 [  0   0   0 ...   0   0   0]]","[[0 0 0 ... 0 0 0]
 [0 0 0 ... 0 0 0]
 [0 0 0 ... 0 0 0]
 ...
 [0 0 0 ... 0 0 0]
 [0 0 0 ... 0 0 0]
 [0 0 0 ... 0 0 0]]"
27,40.mp4,1,,,,
28,41.mp4,0,"[[1.         0.99100945 0.99100739 ... 0.92914136 0.92296645 0.92171874]
 [0.99100945 1.         0.99999871 ... 0.92322883 0.91705263 0.9162392 ]
 [0.99100739 0.99999871 1.         ... 0.92322811 0.91705146 0.91623546]
 ...
 [0.92914136 0.92322883 0.92322811 ... 1.         0.98871057 0.98509089]
 [0.92296645 0.91705263 0.91705146 ... 0.98871057 1.         0.99334576]
 [0.92171874 0.9162392  0.91623546 ... 0.98509089 0.99334576 1.        ]]","[[1.         0.99100945 0.99100739 ... 0.92914136 0.92296645 0.92171874]
 [0.99100945 1.         0.99999871 ... 0.92322883 0.91705263 0.9162392 ]
 [0.99100739 0.99999871 1.         ... 0.92322811 0.91705146 0.91623546]
 ...
 [0.92914136 0.92322883 0.92322811 ... 1.         0.98871057 0.98509089]
 [0.92296645 0.91705263 0.91705146 ... 0.98871057 1.         0.99334576]
 [0.92171874 0.9162392  0.91623546 ... 0.98509089 0.99334576 1.        ]]","[[104 206 153 ...  37 112 107]
 [104 206 153 ...  38 114 109]
 [104 206 153 ...  38 114 109]
 ...
 [103 213 153 ...  76 123 123]
 [104 211 152 ...  74 121 121]
 [105 213 152 ...  71 121 122]]","[[0 0 0 ... 0 0 0]
 [0 0 0 ... 0 0 0]
 [0 0 0 ... 0 0 0]
 ...
 [0 0 0 ... 0 0 0]
 [0 0 0 ... 0 0 0]
 [0 0 0 ... 0 0 0]]"
29,42.mp4,1,"[[1.         0.99621207 0.99526985 ... 0.         0.         0.        ]
 [0.99621207 1.         0.99563774 ... 0.         0.         0.        ]
 [0.99526985 0.99563774 1.         ... 0.         0.         0.        ]
 ...
 [0.         0.         0.         ... 0.         0.         0.        ]
 [0.         0.         0.         ... 0.         0.         0.        ]
 [0.         0.         0.         ... 0.         0.         0.        ]]","[[1.         0.99621207 0.99526985 ... 0.         0.         0.        ]
 [0.99621207 1.         0.99563774 ... 0.         0.         0.        ]
 [0.99526985 0.99563774 1.         ... 0.         0.         0.        ]
 ...
 [0.         0.         0.         ... 0.         0.         0.        ]
 [0.         0.         0.         ... 0.         0.         0.        ]
 [0.         0.         0.         ... 0.         0.         0.        ]]","[[201  59  20 ...  70 129 120]
 [200  62  14 ...  74 134 128]
 [204  63  16 ...  64 127 122]
 ...
 [  0   0   0 ...   0   0   0]
 [  0   0   0 ...   0   0   0]
 [  0   0   0 ...   0   0   0]]","[[0 0 0 ... 0 0 0]
 [0 0 0 ... 0 0 0]
 [0 0 0 ... 0 0 0]
 ...
 [0 0 0 ... 0 0 0]
 [0 0 0 ... 0 0 0]
 [0 0 0 ... 0 0 0]]"
30,44.mp4,0,"[[0.         0.         0.         ... 0.         0.         0.        ]
 [0.         0.         0.         ... 0.         0.         0.        ]
 [0.         0.         1.         ... 0.95245494 0.95546018 0.95430689]
 ...
 [0.         0.         0.95245494 ... 1.         0.99589132 0.99698668]
 [0.         0.         0.95546018 ... 0.99589132 1.         0.99821584]
 [0.         0.         0.95430689 ... 0.99698668 0.99821584 1.        ]]","[[1.         0.99905247 0.99791078 ... 0.         0.         0.        ]
 [0.99905247 1.         0.99811869 ... 0.         0.         0.        ]
 [0.99791078 0.99811869 1.         ... 0.         0.         0.        ]
 ...
 [0.         0.         0.         ... 0.         0.         0.        ]
 [0.         0.         0.         ... 0.         0.         0.        ]
 [0.         0.         0.         ... 0.         0.         0.        ]]","[[  0   0   0 ...   0   0   0]
 [  0   0   0 ...   0   0   0]
 [ 34 114  66 ... 151 203 206]
 ...
 [169  67 228 ... 179  17  21]
 [166  64 225 ... 174  10  11]
 [166  66 232 ... 175  12   7]]","[[0 0 0 ... 0 0 0]
 [0 0 0 ... 0 0 0]
 [0 0 0 ... 0 0 0]
 ...
 [0 0 0 ... 0 0 0]
 [0 0 0 ... 0 0 0]
 [0 0 0 ... 0 0 0]]"
31,48.mp4,0,"[[1.         0.99891285 0.99852897 ... 0.         0.         0.        ]
 [0.99891285 1.         0.99944029 ... 0.         0.         0.        ]
 [0.99852897 0.99944029 1.         ... 0.         0.         0.        ]
 ...
 [0.         0.         0.         ... 0.         0.         0.        ]
 [0.         0.         0.         ... 0.         0.         0.        ]
 [0.         0.         0.         ... 0.         0.         0.        ]]","[[1.         0.99891285 0.99852897 ... 0.         0.         0.        ]
 [0.99891285 1.         0.99944029 ... 0.         0.         0.        ]
 [0.99852897 0.99944029 1.         ... 0.         0.         0.        ]
 ...
 [0.         0.         0.         ... 0.         0.         0.        ]
 [0.         0.         0.         ... 0.         0.         0.        ]
 [0.         0.         0.         ... 0.         0.         0.        ]]","[[155  33 222 ... 166 247 232]
 [155  33 221 ... 167 248 232]
 [155  34 221 ... 167 248 232]
 ...
 [  0   0   0 ...   0   0   0]
 [  0   0   0 ...   0   0   0]
 [  0   0   0 ...   0   0   0]]","[[0 0 0 ... 0 0 0]
 [0 0 0 ... 0 0 0]
 [0 0 0 ... 0 0 0]
 ...
 [0 0 0 ... 0 0 0]
 [0 0 0 ... 0 0 0]
 [0 0 0 ... 0 0 0]]"
32,52.mp4,0,"[[1.         0.9709948  0.97129942 ... 0.99078099 0.9881274  0.99222287]
 [0.9709948  1.         0.99916948 ... 0.96846928 0.96552401 0.96732753]
 [0.97129942 0.99916948 1.         ... 0.9675138  0.96462496 0.96656904]
 ...
 [0.99078099 0.96846928 0.9675138  ... 1.         0.99870429 0.99877238]
 [0.9881274  0.96552401 0.96462496 ... 0.99870429 1.         0.99748503]
 [0.99222287 0.96732753 0.96656904 ... 0.99877238 0.99748503 1.        ]]","[[1.         0.9709948  0.97129942 ... 0.         0.         0.        ]
 [0.9709948  1.         0.99916948 ... 0.         0.         0.        ]
 [0.97129942 0.99916948 1.         ... 0.         0.         0.        ]
 ...
 [0.         0.         0.         ... 0.         0.         0.        ]
 [0.         0.         0.         ... 0.         0.         0.        ]
 [0.         0.         0.         ... 0.         0.         0.        ]]","[[140 214 181 ...  74 104  99]
 [141 216 180 ...  66 102  99]
 [141 216 180 ...  66 102  99]
 ...
 [134 209 171 ...  94 125 122]
 [134 209 171 ...  96 126 123]
 [133 209 172 ...  94 125 121]]","[[0 0 0 ... 0 0 0]
 [0 0 0 ... 0 0 0]
 [0 0 0 ... 0 0 0]
 ...
 [0 0 0 ... 0 0 0]
 [0 0 0 ... 0 0 0]
 [0 0 0 ... 0 0 0]]"
33,53.mp4,1,"[[1.         0.99034074 0.98799989 ... 0.         0.         0.        ]
 [0.99034074 1.         0.99736922 ... 0.         0.         0.        ]
 [0.98799989 0.99736922 1.         ... 0.         0.         0.        ]
 ...
 [0.         0.         0.         ... 0.         0.         0.        ]
 [0.         0.         0.         ... 0.         0.         0.        ]
 [0.         0.         0.         ... 0.         0.         0.        ]]","[[1.         0.99034074 0.98799989 ... 0.         0.         0.        ]
 [0.99034074 1.         0.99736922 ... 0.         0.         0.        ]
 [0.98799989 0.99736922 1.         ... 0.         0.         0.        ]
 ...
 [0.         0.         0.         ... 0.         0.         0.        ]
 [0.         0.         0.         ... 0.         0.         0.        ]
 [0.         0.         0.         ... 0.         0.         0.        ]]","[[ 90 145 100 ... 196 230 226]
 [ 89 145 101 ... 192 233 227]
 [ 88 144  99 ... 192 233 228]
 ...
 [  0   0   0 ...   0   0   0]
 [  0   0   0 ...   0   0   0]
 [  0   0   0 ...   0   0   0]]","[[0 0 0 ... 0 0 0]
 [0 0 0 ... 0 0 0]
 [0 0 0 ... 0 0 0]
 ...
 [0 0 0 ... 0 0 0]
 [0 0 0 ... 0 0 0]
 [0 0 0 ... 0 0 0]]"
34,54.mp4,0,"[[1.         0.99168521 0.99167706 ... 0.90983259 0.90987311 0.91419604]
 [0.99168521 1.         0.99999907 ... 0.91419003 0.91447594 0.91920851]
 [0.99167706 0.99999907 1.         ... 0.9141834  0.91446873 0.91920102]
 ...
 [0.90983259 0.91419003 0.9141834  ... 1.         0.99903045 0.99740847]
 [0.90987311 0.91447594 0.91446873 ... 0.99903045 1.         0.99798206]
 [0.91419604 0.91920851 0.91920102 ... 0.99740847 0.99798206 1.        ]]","[[1.         0.99168521 0.99167706 ... 0.         0.         0.        ]
 [0.99168521 1.         0.99999907 ... 0.         0.         0.        ]
 [0.99167706 0.99999907 1.         ... 0.         0.         0.        ]
 ...
 [0.         0.         0.         ... 0.         0.         0.        ]
 [0.         0.         0.         ... 0.         0.         0.        ]
 [0.         0.         0.         ... 0.         0.         0.        ]]","[[134 202 165 ...  72 104  96]
 [133 201 163 ...  71 103  96]
 [133 201 163 ...  71 103  96]
 ...
 [212  15 253 ...  63  92  88]
 [213  16 255 ...  63  93  88]
 [214  17 255 ...  63  93  88]]","[[0 0 0 ... 0 0 0]
 [0 0 0 ... 0 0 0]
 [0 0 0 ... 0 0 0]
 ...
 [0 0 0 ... 0 0 0]
 [0 0 0 ... 0 0 0]
 [0 0 0 ... 0 0 0]]"
35,55.mp4,1,"[[1.         0.99650782 0.9935436  ... 0.         0.         0.        ]
 [0.99650782 1.         0.99546181 ... 0.         0.         0.        ]
 [0.9935436  0.99546181 1.         ... 0.         0.         0.        ]
 ...
 [0.         0.         0.         ... 0.         0.         0.        ]
 [0.         0.         0.         ... 0.         0.         0.        ]
 [0.         0.         0.         ... 0.         0.         0.        ]]","[[1.         0.99650782 0.9935436  ... 0.         0.         0.        ]
 [0.99650782 1.         0.99546181 ... 0.         0.         0.        ]
 [0.9935436  0.99546181 1.         ... 0.         0.         0.        ]
 ...
