,Unnamed: 0,fname,liveness_score,embed,embed_notnull,facial_point,facial_point_notnull
0,0,0.mp4,0,"[[1.         0.99436084 0.99514153 ... 0.         0.         0.        ]
 [0.99436084 1.         0.9954967  ... 0.         0.         0.        ]
 [0.99514153 0.9954967  1.         ... 0.         0.         0.        ]
 ...
 [0.         0.         0.         ... 0.         0.         0.        ]
 [0.         0.         0.         ... 0.         0.         0.        ]
 [0.         0.         0.         ... 0.         0.         0.        ]]","[[1.         0.99436084 0.99514153 ... 0.         0.         0.        ]
 [0.99436084 1.         0.9954967  ... 0.         0.         0.        ]
 [0.99514153 0.9954967  1.         ... 0.         0.         0.        ]
 ...
 [0.         0.         0.         ... 0.         0.         0.        ]
 [0.         0.         0.         ... 0.         0.         0.        ]
 [0.         0.         0.         ... 0.         0.         0.        ]]","[[ 11 113  83 ... 150 193 190]
 [  3 110  71 ... 153 200 195]
 [253 107  67 ... 155 201 192]
 ...
 [  0   0   0 ...   0   0   0]
 [  0   0   0 ...   0   0   0]
 [  0   0   0 ...   0   0   0]]","[[0 0 0 ... 0 0 0]
 [0 0 0 ... 0 0 0]
 [0 0 0 ... 0 0 0]
 ...
 [0 0 0 ... 0 0 0]
 [0 0 0 ... 0 0 0]
 [0 0 0 ... 0 0 0]]"
1,1,100.mp4,0,"[[1.         0.99537654 0.98751267 ... 0.         0.         0.        ]
 [0.99537654 1.         0.99192102 ... 0.         0.         0.        ]
 [0.98751267 0.99192102 1.         ... 0.         0.         0.        ]
 ...
 [0.         0.         0.         ... 0.         0.         0.        ]
 [0.         0.         0.         ... 0.         0.         0.        ]
 [0.         0.         0.         ... 0.         0.         0.        ]]","[[1.         0.99537654 0.98751267 ... 0.         0.         0.        ]
 [0.99537654 1.         0.99192102 ... 0.         0.         0.        ]
 [0.98751267 0.99192102 1.         ... 0.         0.         0.        ]
 ...
 [0.         0.         0.         ... 0.         0.         0.        ]
 [0.         0.         0.         ... 0.         0.         0.        ]
 [0.         0.         0.         ... 0.         0.         0.        ]]","[[175  68 242 ... 243  69  62]
 [177  70 245 ... 242  69  62]
 [180  71 247 ... 239  64  58]
 ...
 [  0   0   0 ...   0   0   0]
 [  0   0   0 ...   0   0   0]
 [  0   0   0 ...   0   0   0]]","[[0 0 0 ... 0 0 0]
 [0 0 0 ... 0 0 0]
 [0 0 0 ... 0 0 0]
 ...
 [0 0 0 ... 0 0 0]
 [0 0 0 ... 0 0 0]
 [0 0 0 ... 0 0 0]]"
2,2,1001.mp4,0,"[[1.         0.97789944 0.95899351 ... 0.         0.         0.        ]
 [0.97789944 1.         0.94552453 ... 0.         0.         0.        ]
 [0.95899351 0.94552453 1.         ... 0.         0.         0.        ]
 ...
 [0.         0.         0.         ... 0.         0.         0.        ]
 [0.         0.         0.         ... 0.         0.         0.        ]
 [0.         0.         0.         ... 0.         0.         0.        ]]","[[1.         0.97789944 0.95899351 ... 0.         0.         0.        ]
 [0.97789944 1.         0.94552453 ... 0.         0.         0.        ]
 [0.95899351 0.94552453 1.         ... 0.         0.         0.        ]
 ...
 [0.         0.         0.         ... 0.         0.         0.        ]
 [0.         0.         0.         ... 0.         0.         0.        ]
 [0.         0.         0.         ... 0.         0.         0.        ]]","[[ 83 152 120 ...  93 131 121]
 [ 89 157 126 ...  90 128 119]
 [ 87 161 130 ...  94 132 122]
 ...
 [  0   0   0 ...   0   0   0]
 [  0   0   0 ...   0   0   0]
 [  0   0   0 ...   0   0   0]]","[[0 0 0 ... 0 0 0]
 [0 0 0 ... 0 0 0]
 [0 0 0 ... 0 0 0]
 ...
 [0 0 0 ... 0 0 0]
 [0 0 0 ... 0 0 0]
 [0 0 0 ... 0 0 0]]"
3,3,1005.mp4,0,"[[1.         0.99714675 0.98267971 ... 0.         0.         0.        ]
 [0.99714675 1.         0.98477714 ... 0.         0.         0.        ]
 [0.98267971 0.98477714 1.         ... 0.         0.         0.        ]
 ...
 [0.         0.         0.         ... 0.         0.         0.        ]
 [0.         0.         0.         ... 0.         0.         0.        ]
 [0.         0.         0.         ... 0.         0.         0.        ]]","[[1.         0.99714675 0.98267971 ... 0.         0.         0.        ]
 [0.99714675 1.         0.98477714 ... 0.         0.         0.        ]
 [0.98267971 0.98477714 1.         ... 0.         0.         0.        ]
 ...
 [0.         0.         0.         ... 0.         0.         0.        ]
 [0.         0.         0.         ... 0.         0.         0.        ]
 [0.         0.         0.         ... 0.         0.         0.        ]]","[[128 220 171 ... 196 242 241]
 [129 220 172 ... 192 241 240]
 [129 222 176 ... 198 250 248]
 ...
 [  0   0   0 ...   0   0   0]
 [  0   0   0 ...   0   0   0]
 [  0   0   0 ...   0   0   0]]","[[0 0 0 ... 0 0 0]
 [0 0 0 ... 0 0 0]
 [0 0 0 ... 0 0 0]
 ...
 [0 0 0 ... 0 0 0]
 [0 0 0 ... 0 0 0]
 [0 0 0 ... 0 0 0]]"
4,4,1022.mp4,0,"[[1.         0.99921911 0.994872   ... 0.         0.         0.        ]
 [0.99921911 1.         0.99506951 ... 0.         0.         0.        ]
 [0.994872   0.99506951 1.         ... 0.         0.         0.        ]
 ...
 [0.         0.         0.         ... 0.         0.         0.        ]
 [0.         0.         0.         ... 0.         0.         0.        ]
 [0.         0.         0.         ... 0.         0.         0.        ]]","[[1.         0.99921911 0.994872   ... 0.         0.         0.        ]
 [0.99921911 1.         0.99506951 ... 0.         0.         0.        ]
 [0.994872   0.99506951 1.         ... 0.         0.         0.        ]
 ...
 [0.         0.         0.         ... 0.         0.         0.        ]
 [0.         0.         0.         ... 0.         0.         0.        ]
 [0.         0.         0.         ... 0.         0.         0.        ]]","[[104 204 154 ... 241  31  27]
 [104 204 154 ... 241  31  27]
 [104 205 156 ... 241  33  29]
 ...
 [  0   0   0 ...   0   0   0]
 [  0   0   0 ...   0   0   0]
 [  0   0   0 ...   0   0   0]]","[[0 0 0 ... 0 0 0]
 [0 0 0 ... 0 0 0]
 [0 0 0 ... 0 0 0]
 ...
 [0 0 0 ... 0 0 0]
 [0 0 0 ... 0 0 0]
 [0 0 0 ... 0 0 0]]"
5,5,1023.mp4,0,"[[1.         0.98405184 0.97274985 ... 0.         0.         0.        ]
 [0.98405184 1.         0.97027699 ... 0.         0.         0.        ]
 [0.97274985 0.97027699 1.         ... 0.         0.         0.        ]
 ...
 [0.         0.         0.         ... 0.         0.         0.        ]
 [0.         0.         0.         ... 0.         0.         0.        ]
 [0.         0.         0.         ... 0.         0.         0.        ]]","[[1.         0.98405184 0.97274985 ... 0.         0.         0.        ]
 [0.98405184 1.         0.97027699 ... 0.         0.         0.        ]
 [0.97274985 0.97027699 1.         ... 0.         0.         0.        ]
 ...
 [0.         0.         0.         ... 0.         0.         0.        ]
 [0.         0.         0.         ... 0.         0.         0.        ]
 [0.         0.         0.         ... 0.         0.         0.        ]]","[[154 248 187 ... 112 165 163]
 [152 246 189 ... 112 163 158]
 [155 244 188 ...  99 150 145]
 ...
 [  0   0   0 ...   0   0   0]
 [  0   0   0 ...   0   0   0]
 [  0   0   0 ...   0   0   0]]","[[0 0 0 ... 0 0 0]
 [0 0 0 ... 0 0 0]
 [0 0 0 ... 0 0 0]
 ...
 [0 0 0 ... 0 0 0]
 [0 0 0 ... 0 0 0]
 [0 0 0 ... 0 0 0]]"
6,6,1045.mp4,0,"[[1.         0.99883927 0.98334536 ... 0.         0.         0.        ]
 [0.99883927 1.         0.98676263 ... 0.         0.         0.        ]
 [0.98334536 0.98676263 1.         ... 0.         0.         0.        ]
 ...
 [0.         0.         0.         ... 0.         0.         0.        ]
 [0.         0.         0.         ... 0.         0.         0.        ]
 [0.         0.         0.         ... 0.         0.         0.        ]]","[[1.         0.99883927 0.98334536 ... 0.         0.         0.        ]
 [0.99883927 1.         0.98676263 ... 0.         0.         0.        ]
 [0.98334536 0.98676263 1.         ... 0.         0.         0.        ]
 ...
 [0.         0.         0.         ... 0.         0.         0.        ]
 [0.         0.         0.         ... 0.         0.         0.        ]
 [0.         0.         0.         ... 0.         0.         0.        ]]","[[224  31   7 ... 241  26  25]
 [225  32   8 ... 239  26  24]
 [224  29 255 ... 243  27  29]
 ...
 [  0   0   0 ...   0   0   0]
 [  0   0   0 ...   0   0   0]
 [  0   0   0 ...   0   0   0]]","[[0 0 0 ... 0 0 0]
 [0 0 0 ... 0 0 0]
 [0 0 0 ... 0 0 0]
 ...
 [0 0 0 ... 0 0 0]
 [0 0 0 ... 0 0 0]
 [0 0 0 ... 0 0 0]]"
7,7,1048.mp4,0,"[[1.         0.99761434 0.99761746 ... 0.         0.         0.        ]
 [0.99761434 1.         0.99992018 ... 0.         0.         0.        ]
 [0.99761746 0.99992018 1.         ... 0.         0.         0.        ]
 ...
 [0.         0.         0.         ... 0.         0.         0.        ]
 [0.         0.         0.         ... 0.         0.         0.        ]
 [0.         0.         0.         ... 0.         0.         0.        ]]","[[1.         0.99761434 0.99761746 ... 0.         0.         0.        ]
 [0.99761434 1.         0.99992018 ... 0.         0.         0.        ]
 [0.99761746 0.99992018 1.         ... 0.         0.         0.        ]
 ...
 [0.         0.         0.         ... 0.         0.         0.        ]
 [0.         0.         0.         ... 0.         0.         0.        ]
 [0.         0.         0.         ... 0.         0.         0.        ]]","[[163 236 200 ...  72 102  98]
 [163 236 200 ...  72 102  98]
 [163 236 200 ...  73 102  98]
 ...
 [  0   0   0 ...   0   0   0]
 [  0   0   0 ...   0   0   0]
 [  0   0   0 ...   0   0   0]]","[[0 0 0 ... 0 0 0]
 [0 0 0 ... 0 0 0]
 [0 0 0 ... 0 0 0]
 ...
 [0 0 0 ... 0 0 0]
 [0 0 0 ... 0 0 0]
 [0 0 0 ... 0 0 0]]"
8,8,1049.mp4,0,"[[1.         0.99835319 0.99830292 ... 0.         0.         0.        ]
 [0.99835319 1.         0.99991519 ... 0.         0.         0.        ]
 [0.99830292 0.99991519 1.         ... 0.         0.         0.        ]
 ...
 [0.         0.         0.         ... 0.         0.         0.        ]
 [0.         0.         0.         ... 0.         0.         0.        ]
 [0.         0.         0.         ... 0.         0.         0.        ]]","[[1.         0.99835319 0.99830292 ... 0.         0.         0.        ]
 [0.99835319 1.         0.99991519 ... 0.         0.         0.        ]
 [0.99830292 0.99991519 1.         ... 0.         0.         0.        ]
 ...
 [0.         0.         0.         ... 0.         0.         0.        ]
 [0.         0.         0.         ... 0.         0.         0.        ]
 [0.         0.         0.         ... 0.         0.         0.        ]]","[[150  73 239 ...  34 149 143]
 [149  73 238 ...  35 150 145]
 [149  73 238 ...  35 150 144]
 ...
 [  0   0   0 ...   0   0   0]
 [  0   0   0 ...   0   0   0]
 [  0   0   0 ...   0   0   0]]","[[0 0 0 ... 0 0 0]
 [0 0 0 ... 0 0 0]
 [0 0 0 ... 0 0 0]
 ...
 [0 0 0 ... 0 0 0]
 [0 0 0 ... 0 0 0]
 [0 0 0 ... 0 0 0]]"
9,9,1062.mp4,0,"[[1.         0.99197567 0.99040932 ... 0.         0.         0.        ]
 [0.99197567 1.         0.99408815 ... 0.         0.         0.        ]
 [0.99040932 0.99408815 1.         ... 0.         0.         0.        ]
 ...
 [0.         0.         0.         ... 0.         0.         0.        ]
 [0.         0.         0.         ... 0.         0.         0.        ]
 [0.         0.         0.         ... 0.         0.         0.        ]]","[[1.         0.99197567 0.99040932 ... 0.         0.         0.        ]
 [0.99197567 1.         0.99408815 ... 0.         0.         0.        ]
 [0.99040932 0.99408815 1.         ... 0.         0.         0.        ]
 ...
 [0.         0.         0.         ... 0.         0.         0.        ]
 [0.         0.         0.         ... 0.         0.         0.        ]
 [0.         0.         0.         ... 0.         0.         0.        ]]","[[253 116  58 ...  31  93 102]
 [  5 120  61 ...  32  95 102]
 [ 15 124  68 ...  32  96 102]
 ...
 [  0   0   0 ...   0   0   0]
 [  0   0   0 ...   0   0   0]
 [  0   0   0 ...   0   0   0]]","[[0 0 0 ... 0 0 0]
 [0 0 0 ... 0 0 0]
 [0 0 0 ... 0 0 0]
 ...
 [0 0 0 ... 0 0 0]
 [0 0 0 ... 0 0 0]
 [0 0 0 ... 0 0 0]]"
10,10,1079.mp4,0,"[[1.         0.99899864 0.99798064 ... 0.         0.         0.        ]
 [0.99899864 1.         0.99961405 ... 0.         0.         0.        ]
 [0.99798064 0.99961405 1.         ... 0.         0.         0.        ]
 ...
 [0.         0.         0.         ... 0.         0.         0.        ]
 [0.         0.         0.         ... 0.         0.         0.        ]
 [0.         0.         0.         ... 0.         0.         0.        ]]","[[1.         0.99899864 0.99798064 ... 0.         0.         0.        ]
 [0.99899864 1.         0.99961405 ... 0.         0.         0.        ]
 [0.99798064 0.99961405 1.         ... 0.         0.         0.        ]
 ...
 [0.         0.         0.         ... 0.         0.         0.        ]
 [0.         0.         0.         ... 0.         0.         0.        ]
 [0.         0.         0.         ... 0.         0.         0.        ]]","[[116 216 162 ...   3  50  47]
 [116 215 162 ...   2  48  45]
 [116 215 162 ...   2  48  45]
 ...
 [  0   0   0 ...   0   0   0]
 [  0   0   0 ...   0   0   0]
 [  0   0   0 ...   0   0   0]]","[[0 0 0 ... 0 0 0]
 [0 0 0 ... 0 0 0]
 [0 0 0 ... 0 0 0]
 ...
 [0 0 0 ... 0 0 0]
 [0 0 0 ... 0 0 0]
 [0 0 0 ... 0 0 0]]"
11,11,1092.mp4,0,"[[1.         0.99186182 0.99381376 ... 0.98811735 0.98756999 0.98699909]
 [0.99186182 1.         0.99755663 ... 0.99031735 0.98706072 0.98689448]
 [0.99381376 0.99755663 1.         ... 0.98834851 0.98562735 0.98541728]
 ...
 [0.98811735 0.99031735 0.98834851 ... 1.         0.99306722 0.99253975]
 [0.98756999 0.98706072 0.98562735 ... 0.99306722 1.         0.99917557]
 [0.98699909 0.98689448 0.98541728 ... 0.99253975 0.99917557 1.        ]]","[[1.         0.99186182 0.99381376 ... 0.98811735 0.98756999 0.98699909]
 [0.99186182 1.         0.99755663 ... 0.99031735 0.98706072 0.98689448]
 [0.99381376 0.99755663 1.         ... 0.98834851 0.98562735 0.98541728]
 ...
 [0.98811735 0.99031735 0.98834851 ... 1.         0.99306722 0.99253975]
 [0.98756999 0.98706072 0.98562735 ... 0.99306722 1.         0.99917557]
 [0.98699909 0.98689448 0.98541728 ... 0.99253975 0.99917557 1.        ]]","[[160 233 198 ... 216 244 244]
 [160 232 199 ... 214 244 243]
 [160 232 199 ... 216 245 244]
 ...
 [157 230 191 ... 210 238 239]
 [159 230 191 ... 205 234 235]
 [159 230 191 ... 205 234 235]]","[[0 0 0 ... 0 0 0]
 [0 0 0 ... 0 0 0]
 [0 0 0 ... 0 0 0]
 ...
 [0 0 0 ... 0 0 0]
 [0 0 0 ... 0 0 0]
 [0 0 0 ... 0 0 0]]"
12,12,1102.mp4,0,"[[1.         0.97491818 0.99207121 ... 0.97069013 0.97497953 0.97006764]
 [0.97491818 1.         0.97597712 ... 0.97782979 0.98517345 0.98807803]
 [0.99207121 0.97597712 1.         ... 0.96712467 0.97357737 0.97443693]
 ...
 [0.97069013 0.97782979 0.96712467 ... 1.         0.99233627 0.98555354]
 [0.97497953 0.98517345 0.97357737 ... 0.99233627 1.         0.99433475]
 [0.97006764 0.98807803 0.97443693 ... 0.98555354 0.99433475 1.        ]]","[[1.         0.97491818 0.99207121 ... 0.97069013 0.97497953 0.97006764]
 [0.97491818 1.         0.97597712 ... 0.97782979 0.98517345 0.98807803]
 [0.99207121 0.97597712 1.         ... 0.96712467 0.97357737 0.97443693]
 ...
 [0.97069013 0.97782979 0.96712467 ... 1.         0.99233627 0.98555354]
 [0.97497953 0.98517345 0.97357737 ... 0.99233627 1.         0.99433475]
 [0.97006764 0.98807803 0.97443693 ... 0.98555354 0.99433475 1.        ]]","[[139 209 171 ...  55  90  88]
 [139 211 175 ...  50  77  78]
 [141 210 172 ...  55  90  88]
 ...
 [137 206 175 ...  32  70  70]
 [138 207 172 ...  32  67  69]
 [137 206 167 ...  35  70  71]]","[[0 0 0 ... 0 0 0]
 [0 0 0 ... 0 0 0]
 [0 0 0 ... 0 0 0]
 ...
 [0 0 0 ... 0 0 0]
 [0 0 0 ... 0 0 0]
 [0 0 0 ... 0 0 0]]"
13,13,1116.mp4,0,"[[1.         0.97165513 0.99858039 ... 0.         0.         0.        ]
 [0.97165513 1.         0.96876467 ... 0.         0.         0.        ]
 [0.99858039 0.96876467 1.         ... 0.         0.         0.        ]
 ...
 [0.         0.         0.         ... 0.         0.         0.        ]
 [0.         0.         0.         ... 0.         0.         0.        ]
 [0.         0.         0.         ... 0.         0.         0.        ]]","[[1.         0.97165513 0.99858039 ... 0.         0.         0.        ]
 [0.97165513 1.         0.96876467 ... 0.         0.         0.        ]
 [0.99858039 0.96876467 1.         ... 0.         0.         0.        ]
 ...
 [0.         0.         0.         ... 0.         0.         0.        ]
 [0.         0.         0.         ... 0.         0.         0.        ]
 [0.         0.         0.         ... 0.         0.         0.        ]]","[[172  51 234 ... 123 242 230]
 [146  44 225 ... 115 194 199]
 [172  50 233 ... 122 246 232]
 ...
 [  0   0   0 ...   0   0   0]
 [  0   0   0 ...   0   0   0]
 [  0   0   0 ...   0   0   0]]","[[0 0 0 ... 0 0 0]
 [0 0 0 ... 0 0 0]
 [0 0 0 ... 0 0 0]
 ...
 [0 0 0 ... 0 0 0]
 [0 0 0 ... 0 0 0]
 [0 0 0 ... 0 0 0]]"
14,14,1122.mp4,0,"[[1.         0.99246305 0.98911385 ... 0.         0.         0.        ]
 [0.99246305 1.         0.99817585 ... 0.         0.         0.        ]
 [0.98911385 0.99817585 1.         ... 0.         0.         0.        ]
 ...
 [0.         0.         0.         ... 0.         0.         0.        ]
 [0.         0.         0.         ... 0.         0.         0.        ]
 [0.         0.         0.         ... 0.         0.         0.        ]]","[[1.         0.99246305 0.98911385 ... 0.         0.         0.        ]
 [0.99246305 1.         0.99817585 ... 0.         0.         0.        ]
 [0.98911385 0.99817585 1.         ... 0.         0.         0.        ]
 ...
 [0.         0.         0.         ... 0.         0.         0.        ]
 [0.         0.         0.         ... 0.         0.         0.        ]
 [0.         0.         0.         ... 0.         0.         0.        ]]","[[107 230 168 ...  14  62  71]
 [106 227 163 ...  16  63  74]
 [106 228 164 ...  17  64  74]
 ...
 [  0   0   0 ...   0   0   0]
 [  0   0   0 ...   0   0   0]
 [  0   0   0 ...   0   0   0]]","[[0 0 0 ... 0 0 0]
 [0 0 0 ... 0 0 0]
 [0 0 0 ... 0 0 0]
 ...
 [0 0 0 ... 0 0 0]
 [0 0 0 ... 0 0 0]
 [0 0 0 ... 0 0 0]]"
15,15,1132.mp4,0,"[[0. 0. 0. ... 0. 0. 0.]
 [0. 0. 0. ... 0. 0. 0.]
 [0. 0. 0. ... 0. 0. 0.]
 ...
 [0. 0. 0. ... 0. 0. 0.]
 [0. 0. 0. ... 0. 1. 0.]
 [0. 0. 0. ... 0. 0. 0.]]","[[1.         0.99999565 0.99527794 ... 0.         0.         0.        ]
 [0.99999565 1.         0.99527698 ... 0.         0.         0.        ]
 [0.99527794 0.99527698 1.         ... 0.         0.         0.        ]
 ...
 [0.         0.         0.         ... 0.         0.         0.        ]
 [0.         0.         0.         ... 0.         0.         0.        ]
 [0.         0.         0.         ... 0.         0.         0.        ]]","[[  0   0   0 ...   0   0   0]
 [  0   0   0 ...   0   0   0]
 [  0   0   0 ...   0   0   0]
 ...
 [  0   0   0 ...   0   0   0]
 [110 145 129 ... 107 121 126]
 [  0   0   0 ...   0   0   0]]","[[0 0 0 ... 0 0 0]
 [0 0 0 ... 0 0 0]
 [0 0 0 ... 0 0 0]
 ...
 [0 0 0 ... 0 0 0]
 [0 0 0 ... 0 0 0]
 [0 0 0 ... 0 0 0]]"
16,16,1133.mp4,0,"[[1.         0.99915154 0.99680158 ... 0.         0.         0.        ]
 [0.99915154 1.         0.99791789 ... 0.         0.         0.        ]
 [0.99680158 0.99791789 1.         ... 0.         0.         0.        ]
 ...
 [0.         0.         0.         ... 0.         0.         0.        ]
 [0.         0.         0.         ... 0.         0.         0.        ]
 [0.         0.         0.         ... 0.         0.         0.        ]]","[[1.         0.99915154 0.99680158 ... 0.         0.         0.        ]
 [0.99915154 1.         0.99791789 ... 0.         0.         0.        ]
 [0.99680158 0.99791789 1.         ... 0.         0.         0.        ]
 ...
 [0.         0.         0.         ... 0.         0.         0.        ]
 [0.         0.         0.         ... 0.         0.         0.        ]
 [0.         0.         0.         ... 0.         0.         0.        ]]","[[ 21 108  81 ...  35  90  86]
 [ 20 107  78 ...  34  89  86]
 [ 22 107  79 ...  32  87  85]
 ...
 [  0   0   0 ...   0   0   0]
 [  0   0   0 ...   0   0   0]
 [  0   0   0 ...   0   0   0]]","[[0 0 0 ... 0 0 0]
 [0 0 0 ... 0 0 0]
 [0 0 0 ... 0 0 0]
 ...
 [0 0 0 ... 0 0 0]
 [0 0 0 ... 0 0 0]
 [0 0 0 ... 0 0 0]]"
17,17,1141.mp4,0,"[[1.         0.99843663 0.99844113 ... 0.99354244 0.99426885 0.99367406]
 [0.99843663 1.         0.999999   ... 0.99145847 0.99268496 0.99161588]
 [0.99844113 0.999999   1.         ... 0.99147283 0.99269515 0.99163069]
 ...
 [0.99354244 0.99145847 0.99147283 ... 1.         0.99945469 0.99996013]
 [0.99426885 0.99268496 0.99269515 ... 0.99945469 1.         0.99948861]
 [0.99367406 0.99161588 0.99163069 ... 0.99996013 0.99948861 1.        ]]","[[1.         0.99843663 0.99844113 ... 0.99354244 0.99426885 0.99367406]
 [0.99843663 1.         0.999999   ... 0.99145847 0.99268496 0.99161588]
 [0.99844113 0.999999   1.         ... 0.99147283 0.99269515 0.99163069]
 ...
 [0.99354244 0.99145847 0.99147283 ... 1.         0.99945469 0.99996013]
 [0.99426885 0.99268496 0.99269515 ... 0.99945469 1.         0.99948861]
 [0.99367406 0.99161588 0.99163069 ... 0.99996013 0.99948861 1.        ]]","[[169 239 196 ...   6  44  45]
 [170 239 196 ...   5  44  45]
 [170 239 196 ...   5  44  45]
 ...
 [165 239 195 ... 248  33  34]
 [165 239 195 ... 248  33  34]
 [165 239 194 ... 248  33  34]]","[[0 0 0 ... 0 0 0]
 [0 0 0 ... 0 0 0]
 [0 0 0 ... 0 0 0]
 ...
 [0 0 0 ... 0 0 0]
 [0 0 0 ... 0 0 0]
 [0 0 0 ... 0 0 0]]"
18,18,1151.mp4,0,"[[1.         0.99891225 0.93695635 ... 0.         0.         0.        ]
 [0.99891225 1.         0.93533829 ... 0.         0.         0.        ]
 [0.93695635 0.93533829 1.         ... 0.         0.         0.        ]
 ...
 [0.         0.         0.         ... 0.         0.         0.        ]
 [0.         0.         0.         ... 0.         0.         0.        ]
 [0.         0.         0.         ... 0.         0.         0.        ]]","[[1.         0.99891225 0.93695635 ... 0.         0.         0.        ]
 [0.99891225 1.         0.93533829 ... 0.         0.         0.        ]
 [0.93695635 0.93533829 1.         ... 0.         0.         0.        ]
 ...
 [0.         0.         0.         ... 0.         0.         0.        ]
 [0.         0.         0.         ... 0.         0.         0.        ]
 [0.         0.         0.         ... 0.         0.         0.        ]]","[[163 226 205 ...  93 130 133]
 [162 226 205 ...  94 132 134]
 [171 229 214 ...  92 122 121]
 ...
 [  0   0   0 ...   0   0   0]
 [  0   0   0 ...   0   0   0]
 [  0   0   0 ...   0   0   0]]","[[0 0 0 ... 0 0 0]
 [0 0 0 ... 0 0 0]
 [0 0 0 ... 0 0 0]
 ...
 [0 0 0 ... 0 0 0]
 [0 0 0 ... 0 0 0]
 [0 0 0 ... 0 0 0]]"
19,19,1155.mp4,0,"[[1.         0.99595041 0.99834969 ... 0.         0.         0.        ]
 [0.99595041 1.         0.9953782  ... 0.         0.         0.        ]
 [0.99834969 0.9953782  1.         ... 0.         0.         0.        ]
 ...
 [0.         0.         0.         ... 0.         0.         0.        ]
 [0.         0.         0.         ... 0.         0.         0.        ]
 [0.         0.         0.         ... 0.         0.         0.        ]]","[[1.         0.99595041 0.99834969 ... 0.         0.         0.        ]
 [0.99595041 1.         0.9953782  ... 0.         0.         0.        ]
 [0.99834969 0.9953782  1.         ... 0.         0.         0.        ]
 ...
 [0.         0.         0.         ... 0.         0.         0.        ]
 [0.         0.         0.         ... 0.         0.         0.        ]
 [0.         0.         0.         ... 0.         0.         0.        ]]","[[143 254 181 ... 184 238 232]
 [130 244 169 ... 176 236 228]
 [134 249 174 ... 180 240 232]
 ...
 [  0   0   0 ...   0   0   0]
 [  0   0   0 ...   0   0   0]
 [  0   0   0 ...   0   0   0]]","[[0 0 0 ... 0 0 0]
 [0 0 0 ... 0 0 0]
 [0 0 0 ... 0 0 0]
 ...
 [0 0 0 ... 0 0 0]
 [0 0 0 ... 0 0 0]
 [0 0 0 ... 0 0 0]]"
20,20,1156.mp4,0,"[[1.         0.99434253 0.99445619 ... 0.         0.         0.        ]
 [0.99434253 1.         0.9997688  ... 0.         0.         0.        ]
 [0.99445619 0.9997688  1.         ... 0.         0.         0.        ]
 ...
 [0.         0.         0.         ... 0.         0.         0.        ]
 [0.         0.         0.         ... 0.         0.         0.        ]
 [0.         0.         0.         ... 0.         0.         0.        ]]","[[1.         0.99434253 0.99445619 ... 0.         0.         0.        ]
 [0.99434253 1.         0.9997688  ... 0.         0.         0.        ]
 [0.99445619 0.9997688  1.         ... 0.         0.         0.        ]
 ...
 [0.         0.         0.         ... 0.         0.         0.        ]
 [0.         0.         0.         ... 0.         0.         0.        ]
 [0.         0.         0.         ... 0.         0.         0.        ]]","[[151 211 186 ... 148 192 190]
 [152 212 187 ... 149 194 192]
 [150 210 185 ... 149 194 192]
 ...
 [  0   0   0 ...   0   0   0]
 [  0   0   0 ...   0   0   0]
 [  0   0   0 ...   0   0   0]]","[[0 0 0 ... 0 0 0]
 [0 0 0 ... 0 0 0]
 [0 0 0 ... 0 0 0]
 ...
 [0 0 0 ... 0 0 0]
 [0 0 0 ... 0 0 0]
 [0 0 0 ... 0 0 0]]"
21,21,1159.mp4,0,"[[1.         0.99591739 0.99917579 ... 0.         0.         0.        ]
 [0.99591739 1.         0.99491048 ... 0.         0.         0.        ]
 [0.99917579 0.99491048 1.         ... 0.         0.         0.        ]
 ...
 [0.         0.         0.         ... 0.         0.         0.        ]
 [0.         0.         0.         ... 0.         0.         0.        ]
 [0.         0.         0.         ... 0.         0.         0.        ]]","[[1.         0.99591739 0.99917579 ... 0.         0.         0.        ]
 [0.99591739 1.         0.99491048 ... 0.         0.         0.        ]
 [0.99917579 0.99491048 1.         ... 0.         0.         0.        ]
 ...
 [0.         0.         0.         ... 0.         0.         0.        ]
 [0.         0.         0.         ... 0.         0.         0.        ]
 [0.         0.         0.         ... 0.         0.         0.        ]]","[[209  35 248 ... 178 232 226]
 [212  39 253 ... 183 231 225]
 [215  41   0 ... 176 227 222]
 ...
 [  0   0   0 ...   0   0   0]
 [  0   0   0 ...   0   0   0]
 [  0   0   0 ...   0   0   0]]","[[0 0 0 ... 0 0 0]
 [0 0 0 ... 0 0 0]
 [0 0 0 ... 0 0 0]
 ...
 [0 0 0 ... 0 0 0]
 [0 0 0 ... 0 0 0]
 [0 0 0 ... 0 0 0]]"
22,22,1178.mp4,0,"[[1.         0.99924597 0.99661292 ... 0.         0.         0.        ]
 [0.99924597 1.         0.99763365 ... 0.         0.         0.        ]
 [0.99661292 0.99763365 1.         ... 0.         0.         0.        ]
 ...
 [0.         0.         0.         ... 0.         0.         0.        ]
 [0.         0.         0.         ... 0.         0.         0.        ]
 [0.         0.         0.         ... 0.         0.         0.        ]]","[[1.         0.99924597 0.99661292 ... 0.         0.         0.        ]
 [0.99924597 1.         0.99763365 ... 0.         0.         0.        ]
 [0.99661292 0.99763365 1.         ... 0.         0.         0.        ]
 ...
 [0.         0.         0.         ... 0.         0.         0.        ]
 [0.         0.         0.         ... 0.         0.         0.        ]
 [0.         0.         0.         ... 0.         0.         0.        ]]","[[109 187 143 ...  18  48  42]
 [109 188 144 ...  17  47  43]
 [109 188 144 ...  18  47  43]
 ...
 [  0   0   0 ...   0   0   0]
 [  0   0   0 ...   0   0   0]
 [  0   0   0 ...   0   0   0]]","[[0 0 0 ... 0 0 0]
 [0 0 0 ... 0 0 0]
 [0 0 0 ... 0 0 0]
 ...
 [0 0 0 ... 0 0 0]
 [0 0 0 ... 0 0 0]
 [0 0 0 ... 0 0 0]]"
23,23,118.mp4,0,"[[1.         0.99607241 0.99409022 ... 0.         0.         0.        ]
 [0.99607241 1.         0.99411132 ... 0.         0.         0.        ]
 [0.99409022 0.99411132 1.         ... 0.         0.         0.        ]
 ...
 [0.         0.         0.         ... 0.         0.         0.        ]
 [0.         0.         0.         ... 0.         0.         0.        ]
 [0.         0.         0.         ... 0.         0.         0.        ]]","[[1.         0.99607241 0.99409022 ... 0.         0.         0.        ]
 [0.99607241 1.         0.99411132 ... 0.         0.         0.        ]
 [0.99409022 0.99411132 1.         ... 0.         0.         0.        ]
 ...
 [0.         0.         0.         ... 0.         0.         0.        ]
 [0.         0.         0.         ... 0.         0.         0.        ]
 [0.         0.         0.         ... 0.         0.         0.        ]]","[[136 190 163 ...  20  49  46]
 [137 192 168 ...  19  47  43]
 [136 190 163 ...  19  49  46]
 ...
 [  0   0   0 ...   0   0   0]
 [  0   0   0 ...   0   0   0]
 [  0   0   0 ...   0   0   0]]","[[0 0 0 ... 0 0 0]
 [0 0 0 ... 0 0 0]
 [0 0 0 ... 0 0 0]
 ...
 [0 0 0 ... 0 0 0]
 [0 0 0 ... 0 0 0]
 [0 0 0 ... 0 0 0]]"
24,24,1180.mp4,0,"[[1.         0.99746898 0.99467558 ... 0.         0.         0.        ]
 [0.99746898 1.         0.990589   ... 0.         0.         0.        ]
 [0.99467558 0.990589   1.         ... 0.         0.         0.        ]
 ...
 [0.         0.         0.         ... 0.         0.         0.        ]
 [0.         0.         0.         ... 0.         0.         0.        ]
 [0.         0.         0.         ... 0.         0.         0.        ]]","[[1.         0.99746898 0.99467558 ... 0.         0.         0.        ]
 [0.99746898 1.         0.990589   ... 0.         0.         0.        ]
 [0.99467558 0.990589   1.         ... 0.         0.         0.        ]
 ...
 [0.         0.         0.         ... 0.         0.         0.        ]
 [0.         0.         0.         ... 0.         0.         0.        ]
 [0.         0.         0.         ... 0.         0.         0.        ]]","[[186  39 241 ... 245  50  49]
 [186  39 242 ... 245  51  51]
 [189  39 242 ... 242  46  46]
 ...
 [  0   0   0 ...   0   0   0]
 [  0   0   0 ...   0   0   0]
 [  0   0   0 ...   0   0   0]]","[[0 0 0 ... 0 0 0]
 [0 0 0 ... 0 0 0]
 [0 0 0 ... 0 0 0]
 ...
 [0 0 0 ... 0 0 0]
 [0 0 0 ... 0 0 0]
 [0 0 0 ... 0 0 0]]"
25,25,1187.mp4,0,"[[1.         0.99892219 0.9989791  ... 0.         0.         0.        ]
 [0.99892219 1.         0.99932697 ... 0.         0.         0.        ]
 [0.9989791  0.99932697 1.         ... 0.         0.         0.        ]
 ...
 [0.         0.         0.         ... 0.         0.         0.        ]
 [0.         0.         0.         ... 0.         0.         0.        ]
 [0.         0.         0.         ... 0.         0.         0.        ]]","[[1.         0.99892219 0.9989791  ... 0.         0.         0.        ]
 [0.99892219 1.         0.99932697 ... 0.         0.         0.        ]
 [0.9989791  0.99932697 1.         ... 0.         0.         0.        ]
 ...
 [0.         0.         0.         ... 0.         0.         0.        ]
 [0.         0.         0.         ... 0.         0.         0.        ]
 [0.         0.         0.         ... 0.         0.         0.        ]]","[[136 208 165 ...  40  84  90]
 [136 208 165 ...  41  85  90]
 [137 209 166 ...  40  84  90]
 ...
 [  0   0   0 ...   0   0   0]
 [  0   0   0 ...   0   0   0]
 [  0   0   0 ...   0   0   0]]","[[0 0 0 ... 0 0 0]
 [0 0 0 ... 0 0 0]
 [0 0 0 ... 0 0 0]
 ...
 [0 0 0 ... 0 0 0]
 [0 0 0 ... 0 0 0]
 [0 0 0 ... 0 0 0]]"
26,26,1201.mp4,0,"[[1.         0.98500278 0.98367173 ... 0.         0.         0.        ]
 [0.98500278 1.         0.99489211 ... 0.         0.         0.        ]
 [0.98367173 0.99489211 1.         ... 0.         0.         0.        ]
 ...
 [0.         0.         0.         ... 0.         0.         0.        ]
 [0.         0.         0.         ... 0.         0.         0.        ]
 [0.         0.         0.         ... 0.         0.         0.        ]]","[[1.         0.98500278 0.98367173 ... 0.         0.         0.        ]
 [0.98500278 1.         0.99489211 ... 0.         0.         0.        ]
 [0.98367173 0.99489211 1.         ... 0.         0.         0.        ]
 ...
 [0.         0.         0.         ... 0.         0.         0.        ]
 [0.         0.         0.         ... 0.         0.         0.        ]
 [0.         0.         0.         ... 0.         0.         0.        ]]","[[168 206 193 ... 196 223 221]
 [167 207 192 ... 201 227 227]
 [166 207 193 ... 202 227 227]
 ...
 [  0   0   0 ...   0   0   0]
 [  0   0   0 ...   0   0   0]
 [  0   0   0 ...   0   0   0]]","[[0 0 0 ... 0 0 0]
 [0 0 0 ... 0 0 0]
 [0 0 0 ... 0 0 0]
 ...
 [0 0 0 ... 0 0 0]
 [0 0 0 ... 0 0 0]
 [0 0 0 ... 0 0 0]]"
27,27,1208.mp4,0,"[[1.         0.99245821 0.99801602 ... 0.         0.         0.        ]
 [0.99245821 1.         0.99543877 ... 0.         0.         0.        ]
 [0.99801602 0.99543877 1.         ... 0.         0.         0.        ]
 ...
 [0.         0.         0.         ... 0.         0.         0.        ]
 [0.         0.         0.         ... 0.         0.         0.        ]
 [0.         0.         0.         ... 0.         0.         0.        ]]","[[1.         0.99245821 0.99801602 ... 0.         0.         0.        ]
 [0.99245821 1.         0.99543877 ... 0.         0.         0.        ]
 [0.99801602 0.99543877 1.         ... 0.         0.         0.        ]
 ...
 [0.         0.         0.         ... 0.         0.         0.        ]
 [0.         0.         0.         ... 0.         0.         0.        ]
 [0.         0.         0.         ... 0.         0.         0.        ]]","[[165 200 182 ... 167 186 189]
 [164 201 183 ... 166 185 189]
 [164 199 181 ... 168 188 189]
 ...
 [  0   0   0 ...   0   0   0]
 [  0   0   0 ...   0   0   0]
 [  0   0   0 ...   0   0   0]]","[[0 0 0 ... 0 0 0]
 [0 0 0 ... 0 0 0]
 [0 0 0 ... 0 0 0]
 ...
 [0 0 0 ... 0 0 0]
 [0 0 0 ... 0 0 0]
 [0 0 0 ... 0 0 0]]"
28,28,121.mp4,0,"[[1.         0.99932965 0.998141   ... 0.         0.         0.        ]
 [0.99932965 1.         0.99877255 ... 0.         0.         0.        ]
 [0.998141   0.99877255 1.         ... 0.         0.         0.        ]
 ...
 [0.         0.         0.         ... 0.         0.         0.        ]
 [0.         0.         0.         ... 0.         0.         0.        ]
 [0.         0.         0.         ... 0.         0.         0.        ]]","[[1.         0.99932965 0.998141   ... 0.         0.         0.        ]
 [0.99932965 1.         0.99877255 ... 0.         0.         0.        ]
 [0.998141   0.99877255 1.         ... 0.         0.         0.        ]
 ...
 [0.         0.         0.         ... 0.         0.         0.        ]
 [0.         0.         0.         ... 0.         0.         0.        ]
 [0.         0.         0.         ... 0.         0.         0.        ]]","[[112 238 160 ... 152 232 247]
 [112 239 161 ... 152 232 248]
 [113 239 163 ... 150 230 246]
 ...
 [  0   0   0 ...   0   0   0]
 [  0   0   0 ...   0   0   0]
 [  0   0   0 ...   0   0   0]]","[[0 0 0 ... 0 0 0]
 [0 0 0 ... 0 0 0]
 [0 0 0 ... 0 0 0]
 ...
 [0 0 0 ... 0 0 0]
 [0 0 0 ... 0 0 0]
 [0 0 0 ... 0 0 0]]"
29,29,1214.mp4,0,"[[1.         0.99659759 0.98808202 ... 0.91375281 0.91374303 0.91380673]
 [0.99659759 1.         0.98652426 ... 0.91320672 0.913205   0.91326796]
 [0.98808202 0.98652426 1.         ... 0.90822324 0.90815927 0.90821951]
 ...
 [0.91375281 0.91320672 0.90822324 ... 1.         0.99843198 0.99843585]
 [0.91374303 0.913205   0.90815927 ... 0.99843198 1.         0.99993849]
 [0.91380673 0.91326796 0.90821951 ... 0.99843585 0.99993849 1.        ]]","[[1.         0.99659759 0.98808202 ... 0.91375281 0.91374303 0.91380673]
 [0.99659759 1.         0.98652426 ... 0.91320672 0.913205   0.91326796]
 [0.98808202 0.98652426 1.         ... 0.90822324 0.90815927 0.90821951]
 ...
 [0.91375281 0.91320672 0.90822324 ... 1.         0.99843198 0.99843585]
 [0.91374303 0.913205   0.90815927 ... 0.99843198 1.         0.99993849]
 [0.91380673 0.91326796 0.90821951 ... 0.99843585 0.99993849 1.        ]]","[[ 90 176 118 ...  63 115 118]
 [ 84 170 110 ...  64 115 116]
 [ 85 172 110 ...  66 116 118]
 ...
 [125 232 177 ...  88 130 128]
 [125 231 177 ...  88 129 127]
 [125 231 177 ...  88 129 127]]","[[0 0 0 ... 0 0 0]
 [0 0 0 ... 0 0 0]
 [0 0 0 ... 0 0 0]
 ...
 [0 0 0 ... 0 0 0]
 [0 0 0 ... 0 0 0]
 [0 0 0 ... 0 0 0]]"
30,30,1220.mp4,0,"[[1.         0.99898426 0.99460201 ... 0.         0.         0.        ]
 [0.99898426 1.         0.99542447 ... 0.         0.         0.        ]
 [0.99460201 0.99542447 1.         ... 0.         0.         0.        ]
 ...
 [0.         0.         0.         ... 0.         0.         0.        ]
 [0.         0.         0.         ... 0.         0.         0.        ]
 [0.         0.         0.         ... 0.         0.         0.        ]]","[[1.         0.99898426 0.99460201 ... 0.         0.         0.        ]
 [0.99898426 1.         0.99542447 ... 0.         0.         0.        ]
 [0.99460201 0.99542447 1.         ... 0.         0.         0.        ]
 ...
 [0.         0.         0.         ... 0.         0.         0.        ]
 [0.         0.         0.         ... 0.         0.         0.        ]
 [0.         0.         0.         ... 0.         0.         0.        ]]","[[140 215 184 ... 224   7 254]
 [139 214 183 ... 225   7 254]
 [137 213 181 ... 224   5 253]
 ...
 [  0   0   0 ...   0   0   0]
 [  0   0   0 ...   0   0   0]
 [  0   0   0 ...   0   0   0]]","[[0 0 0 ... 0 0 0]
 [0 0 0 ... 0 0 0]
 [0 0 0 ... 0 0 0]
 ...
 [0 0 0 ... 0 0 0]
 [0 0 0 ... 0 0 0]
 [0 0 0 ... 0 0 0]]"
31,31,1224.mp4,0,"[[1.         0.99839602 0.99680492 ... 0.98337164 0.98469202 0.98453248]
 [0.99839602 1.         0.99802008 ... 0.98356058 0.98480447 0.98459223]
 [0.99680492 0.99802008 1.         ... 0.9832362  0.98427106 0.98415293]
 ...
 [0.98337164 0.98356058 0.9832362  ... 1.         0.99423846 0.99600051]
 [0.98469202 0.98480447 0.98427106 ... 0.99423846 1.         0.9937064 ]
 [0.98453248 0.98459223 0.98415293 ... 0.99600051 0.9937064  1.        ]]","[[1.         0.99839602 0.99680492 ... 0.98337164 0.98469202 0.98453248]
 [0.99839602 1.         0.99802008 ... 0.98356058 0.98480447 0.98459223]
 [0.99680492 0.99802008 1.         ... 0.9832362  0.98427106 0.98415293]
 ...
 [0.98337164 0.98356058 0.9832362  ... 1.         0.99423846 0.99600051]
 [0.98469202 0.98480447 0.98427106 ... 0.99423846 1.         0.9937064 ]
 [0.98453248 0.98459223 0.98415293 ... 0.99600051 0.9937064  1.        ]]","[[104 218 157 ...  74 127 128]
 [105 219 158 ...  73 126 127]
 [104 218 157 ...  71 125 126]
 ...
 [127 235 173 ...  70 117 121]
 [126 233 173 ...  68 118 120]
 [127 234 173 ...  67 116 121]]","[[0 0 0 ... 0 0 0]
 [0 0 0 ... 0 0 0]
 [0 0 0 ... 0 0 0]
 ...
 [0 0 0 ... 0 0 0]
 [0 0 0 ... 0 0 0]
 [0 0 0 ... 0 0 0]]"
32,32,1227.mp4,0,"[[1.         0.99099196 0.99072514 ... 0.         0.         0.        ]
 [0.99099196 1.         0.98415504 ... 0.         0.         0.        ]
 [0.99072514 0.98415504 1.         ... 0.         0.         0.        ]
 ...
 [0.         0.         0.         ... 0.         0.         0.        ]
 [0.         0.         0.         ... 0.         0.         0.        ]
 [0.         0.         0.         ... 0.         0.         0.        ]]","[[1.         0.99099196 0.99072514 ... 0.         0.         0.        ]
 [0.99099196 1.         0.98415504 ... 0.         0.         0.        ]
 [0.99072514 0.98415504 1.         ... 0.         0.         0.        ]
 ...
 [0.         0.         0.         ... 0.         0.         0.        ]
 [0.         0.         0.         ... 0.         0.         0.        ]
 [0.         0.         0.         ... 0.         0.         0.        ]]","[[ 40 140 119 ...  91 136 129]
 [ 39 141 119 ...  94 141 135]
 [ 41 140 120 ...  91 133 125]
 ...
