{
 "cells": [
  {
   "cell_type": "code",
   "execution_count": 2,
   "metadata": {},
   "outputs": [],
   "source": [
    "import pandas as pd\n",
    "import numpy as np\n",
    "import seaborn as sn\n",
    "import matplotlib.pyplot as plt"
   ]
  },
  {
   "cell_type": "code",
   "execution_count": 3,
   "metadata": {},
   "outputs": [],
   "source": [
    "data = pd.read_csv(\"data_out.csv\")\n",
    "data.dropna(inplace=True)"
   ]
  },
  {
   "cell_type": "code",
   "execution_count": 23,
   "metadata": {},
   "outputs": [
    {
     "name": "stdout",
     "output_type": "stream",
     "text": [
      "1.mp4\n",
      "0\n",
      "[[1.         0.9994656  0.99975627 ... 0.         0.         0.        ]\n",
      " [0.9994656  1.         0.99955912 ... 0.         0.         0.        ]\n",
      " [0.99975627 0.99955912 1.         ... 0.         0.         0.        ]\n",
      " ...\n",
      " [0.         0.         0.         ... 0.         0.         0.        ]\n",
      " [0.         0.         0.         ... 0.         0.         0.        ]\n",
      " [0.         0.         0.         ... 0.         0.         0.        ]]\n",
      "2.mp4\n",
      "1\n",
      "[[0. 0. 0. ... 0. 0. 0.]\n",
      " [0. 0. 0. ... 0. 0. 0.]\n",
      " [0. 0. 0. ... 0. 0. 0.]\n",
      " ...\n",
      " [0. 0. 0. ... 0. 0. 0.]\n",
      " [0. 0. 0. ... 0. 0. 0.]\n",
      " [0. 0. 0. ... 0. 0. 0.]]\n",
      "3.mp4\n",
      "1\n",
      "[[0.         0.         0.         ... 0.         0.         0.        ]\n",
      " [0.         0.         0.         ... 0.         0.         0.        ]\n",
      " [0.         0.         0.         ... 0.         0.         0.        ]\n",
      " ...\n",
      " [0.         0.         0.         ... 1.         0.98519411 0.98790798]\n",
      " [0.         0.         0.         ... 0.98519411 1.         0.99237347]\n",
      " [0.         0.         0.         ... 0.98790798 0.99237347 1.        ]]\n",
      "5.mp4\n",
      "0\n",
      "[[1.         0.99717215 0.99844289 ... 0.98925951 0.98629867 0.98965552]\n",
      " [0.99717215 1.         0.99448829 ... 0.99104914 0.98675188 0.9909756 ]\n",
      " [0.99844289 0.99448829 1.         ... 0.98860789 0.98438671 0.98846645]\n",
      " ...\n",
      " [0.98925951 0.99104914 0.98860789 ... 1.         0.99297114 0.99867207]\n",
      " [0.98629867 0.98675188 0.98438671 ... 0.99297114 1.         0.9958945 ]\n",
      " [0.98965552 0.9909756  0.98846645 ... 0.99867207 0.9958945  1.        ]]\n",
      "7.mp4\n",
      "1\n",
      "[[0. 0. 0. ... 0. 0. 0.]\n",
      " [0. 0. 0. ... 0. 0. 0.]\n",
      " [0. 0. 0. ... 0. 0. 0.]\n",
      " ...\n",
      " [0. 0. 0. ... 0. 0. 0.]\n",
      " [0. 0. 0. ... 0. 0. 0.]\n",
      " [0. 0. 0. ... 0. 0. 0.]]\n",
      "8.mp4\n",
      "1\n",
      "[[1.         0.99921003 0.99692301 ... 0.         0.         0.        ]\n",
      " [0.99921003 1.         0.99566986 ... 0.         0.         0.        ]\n",
      " [0.99692301 0.99566986 1.         ... 0.         0.         0.        ]\n",
      " ...\n",
      " [0.         0.         0.         ... 0.         0.         0.        ]\n",
      " [0.         0.         0.         ... 0.         0.         0.        ]\n",
      " [0.         0.         0.         ... 0.         0.         0.        ]]\n",
      "10.mp4\n",
      "0\n",
      "[[1.         0.99999394 0.99992362 ... 0.98289972 0.98597327 0.98850002]\n",
      " [0.99999394 1.         0.99992591 ... 0.98289179 0.98596479 0.98848794]\n",
      " [0.99992362 0.99992591 1.         ... 0.98307198 0.98613018 0.98875868]\n",
      " ...\n",
      " [0.98289972 0.98289179 0.98307198 ... 1.         0.99631455 0.99272629]\n",
      " [0.98597327 0.98596479 0.98613018 ... 0.99631455 1.         0.99551486]\n",
      " [0.98850002 0.98848794 0.98875868 ... 0.99272629 0.99551486 1.        ]]\n",
      "11.mp4\n",
      "1\n",
      "[[1.         0.99020665 0.98625779 ... 0.98727474 0.98253861 0.98661151]\n",
      " [0.99020665 1.         0.98053189 ... 0.9850076  0.97922066 0.9812427 ]\n",
      " [0.98625779 0.98053189 1.         ... 0.98659475 0.97702097 0.97931648]\n",
      " ...\n",
      " [0.98727474 0.9850076  0.98659475 ... 1.         0.97370414 0.97689224]\n",
      " [0.98253861 0.97922066 0.97702097 ... 0.97370414 1.         0.99297134]\n",
      " [0.98661151 0.9812427  0.97931648 ... 0.97689224 0.99297134 1.        ]]\n",
      "12.mp4\n",
      "0\n",
      "[[1.         0.9996229  0.99769974 ... 0.         0.         0.        ]\n",
      " [0.9996229  1.         0.99771045 ... 0.         0.         0.        ]\n",
      " [0.99769974 0.99771045 1.         ... 0.         0.         0.        ]\n",
      " ...\n",
      " [0.         0.         0.         ... 0.         0.         0.        ]\n",
      " [0.         0.         0.         ... 0.         0.         0.        ]\n",
      " [0.         0.         0.         ... 0.         0.         0.        ]]\n",
      "13.mp4\n",
      "1\n",
      "[[1.         0.99813578 0.99678927 ... 0.         0.         0.        ]\n",
      " [0.99813578 1.         0.99791222 ... 0.         0.         0.        ]\n",
      " [0.99678927 0.99791222 1.         ... 0.         0.         0.        ]\n",
      " ...\n",
      " [0.         0.         0.         ... 0.         0.         0.        ]\n",
      " [0.         0.         0.         ... 0.         0.         0.        ]\n",
      " [0.         0.         0.         ... 0.         0.         0.        ]]\n"
     ]
    }
   ],
   "source": [
    "for x in data[[\"fname\",\"liveness_score\",\"embed\",\"embed_notnull\"]].values[:10]:\n",
    "    print(x[0])\n",
    "    print(x[1])\n",
    "    print(x[2])\n",
    "    l = npx[2]\n",
    "    # hm = sn.heatmap(data = x[2])\n",
    "    plt.show()\n",
    "    "
   ]
  },
  {
   "cell_type": "code",
   "execution_count": 25,
   "metadata": {},
   "outputs": [
    {
     "data": {
      "text/plain": [
       "array(['[[1.         0.9994656  0.99975627 ... 0.         0.         0.        ]\\n [0.9994656  1.         0.99955912 ... 0.         0.         0.        ]\\n [0.99975627 0.99955912 1.         ... 0.         0.         0.        ]\\n ...\\n [0.         0.         0.         ... 0.         0.         0.        ]\\n [0.         0.         0.         ... 0.         0.         0.        ]\\n [0.         0.         0.         ... 0.         0.         0.        ]]',\n",
       "       '[[0. 0. 0. ... 0. 0. 0.]\\n [0. 0. 0. ... 0. 0. 0.]\\n [0. 0. 0. ... 0. 0. 0.]\\n ...\\n [0. 0. 0. ... 0. 0. 0.]\\n [0. 0. 0. ... 0. 0. 0.]\\n [0. 0. 0. ... 0. 0. 0.]]',\n",
       "       '[[0.         0.         0.         ... 0.         0.         0.        ]\\n [0.         0.         0.         ... 0.         0.         0.        ]\\n [0.         0.         0.         ... 0.         0.         0.        ]\\n ...\\n [0.         0.         0.         ... 1.         0.98519411 0.98790798]\\n [0.         0.         0.         ... 0.98519411 1.         0.99237347]\\n [0.         0.         0.         ... 0.98790798 0.99237347 1.        ]]',\n",
       "       ...,\n",
       "       '[[1.         0.9456331  0.94231202 ... 0.         0.         0.        ]\\n [0.9456331  1.         0.99950186 ... 0.         0.         0.        ]\\n [0.94231202 0.99950186 1.         ... 0.         0.         0.        ]\\n ...\\n [0.         0.         0.         ... 0.         0.         0.        ]\\n [0.         0.         0.         ... 0.         0.         0.        ]\\n [0.         0.         0.         ... 0.         0.         0.        ]]',\n",
       "       '[[1.         0.99204267 0.96776183 ... 0.         0.         0.        ]\\n [0.99204267 1.         0.95436541 ... 0.         0.         0.        ]\\n [0.96776183 0.95436541 1.         ... 0.         0.         0.        ]\\n ...\\n [0.         0.         0.         ... 0.         0.         0.        ]\\n [0.         0.         0.         ... 0.         0.         0.        ]\\n [0.         0.         0.         ... 0.         0.         0.        ]]',\n",
       "       '[[1.         0.81119656 0.98706145 ... 0.         0.         0.        ]\\n [0.81119656 1.         0.80382972 ... 0.         0.         0.        ]\\n [0.98706145 0.80382972 1.         ... 0.         0.         0.        ]\\n ...\\n [0.         0.         0.         ... 0.         0.         0.        ]\\n [0.         0.         0.         ... 0.         0.         0.        ]\\n [0.         0.         0.         ... 0.         0.         0.        ]]'],\n",
       "      dtype=object)"
      ]
     },
     "execution_count": 25,
     "metadata": {},
     "output_type": "execute_result"
    }
   ],
   "source": []
  },
  {
   "cell_type": "code",
   "execution_count": 3,
   "metadata": {},
   "outputs": [
    {
     "ename": "ValueError",
     "evalue": "need at least one array to concatenate",
     "output_type": "error",
     "traceback": [
      "\u001b[1;31m---------------------------------------------------------------------------\u001b[0m",
      "\u001b[1;31mValueError\u001b[0m                                Traceback (most recent call last)",
      "\u001b[1;32m~\\AppData\\Local\\Temp/ipykernel_14764/4028130187.py\u001b[0m in \u001b[0;36m<module>\u001b[1;34m\u001b[0m\n\u001b[0;32m      1\u001b[0m \u001b[0mbounding_boxes\u001b[0m \u001b[1;33m=\u001b[0m \u001b[1;33m[\u001b[0m\u001b[1;33m]\u001b[0m\u001b[1;33m\u001b[0m\u001b[1;33m\u001b[0m\u001b[0m\n\u001b[1;32m----> 2\u001b[1;33m \u001b[0mbounding_boxes\u001b[0m \u001b[1;33m=\u001b[0m \u001b[0mnp\u001b[0m\u001b[1;33m.\u001b[0m\u001b[0mvstack\u001b[0m\u001b[1;33m(\u001b[0m\u001b[0mbounding_boxes\u001b[0m\u001b[1;33m)\u001b[0m\u001b[1;33m\u001b[0m\u001b[1;33m\u001b[0m\u001b[0m\n\u001b[0m",
      "\u001b[1;32m<__array_function__ internals>\u001b[0m in \u001b[0;36mvstack\u001b[1;34m(*args, **kwargs)\u001b[0m\n",
      "\u001b[1;32mc:\\Users\\ASUS\\anaconda3\\lib\\site-packages\\numpy\\core\\shape_base.py\u001b[0m in \u001b[0;36mvstack\u001b[1;34m(tup)\u001b[0m\n\u001b[0;32m    280\u001b[0m     \u001b[1;32mif\u001b[0m \u001b[1;32mnot\u001b[0m \u001b[0misinstance\u001b[0m\u001b[1;33m(\u001b[0m\u001b[0marrs\u001b[0m\u001b[1;33m,\u001b[0m \u001b[0mlist\u001b[0m\u001b[1;33m)\u001b[0m\u001b[1;33m:\u001b[0m\u001b[1;33m\u001b[0m\u001b[1;33m\u001b[0m\u001b[0m\n\u001b[0;32m    281\u001b[0m         \u001b[0marrs\u001b[0m \u001b[1;33m=\u001b[0m \u001b[1;33m[\u001b[0m\u001b[0marrs\u001b[0m\u001b[1;33m]\u001b[0m\u001b[1;33m\u001b[0m\u001b[1;33m\u001b[0m\u001b[0m\n\u001b[1;32m--> 282\u001b[1;33m     \u001b[1;32mreturn\u001b[0m \u001b[0m_nx\u001b[0m\u001b[1;33m.\u001b[0m\u001b[0mconcatenate\u001b[0m\u001b[1;33m(\u001b[0m\u001b[0marrs\u001b[0m\u001b[1;33m,\u001b[0m \u001b[1;36m0\u001b[0m\u001b[1;33m)\u001b[0m\u001b[1;33m\u001b[0m\u001b[1;33m\u001b[0m\u001b[0m\n\u001b[0m\u001b[0;32m    283\u001b[0m \u001b[1;33m\u001b[0m\u001b[0m\n\u001b[0;32m    284\u001b[0m \u001b[1;33m\u001b[0m\u001b[0m\n",
      "\u001b[1;32m<__array_function__ internals>\u001b[0m in \u001b[0;36mconcatenate\u001b[1;34m(*args, **kwargs)\u001b[0m\n",
      "\u001b[1;31mValueError\u001b[0m: need at least one array to concatenate"
     ]
    }
   ],
   "source": [
    "bounding_boxes = []\n",
    "bounding_boxes = np.vstack(bounding_boxes)"
   ]
  }
 ],
 "metadata": {
  "kernelspec": {
   "display_name": "Python 3.8.3 ('base')",
   "language": "python",
   "name": "python3"
  },
  "language_info": {
   "codemirror_mode": {
    "name": "ipython",
    "version": 3
   },
   "file_extension": ".py",
   "mimetype": "text/x-python",
   "name": "python",
   "nbconvert_exporter": "python",
   "pygments_lexer": "ipython3",
   "version": "3.8.3"
  },
  "orig_nbformat": 4,
  "vscode": {
   "interpreter": {
    "hash": "a90aeebcf29d64a654773811cc170cb25061cb2498f10ac689db374c7bf325de"
   }
  }
 },
 "nbformat": 4,
 "nbformat_minor": 2
}
